s n m tiempo
1 100 100 641.80000000
51 100 100 386.30000000
101 100 100 387.20000000
151 100 100 404.10000000
201 100 100 390.20000000
251 100 100 441.30000000
301 100 100 395.20000000
351 100 100 406.90000000
401 100 100 449.80000000
451 100 100 453.60000000
501 100 100 525.40000000
551 100 100 421.40000000
601 100 100 433.20000000
651 100 100 379.60000000
701 100 100 423.20000000
751 100 100 407.70000000
801 100 100 443.50000000
851 100 100 464.00000000
901 100 100 464.40000000
951 100 100 415.40000000
1001 100 100 462.50000000
1051 100 100 411.70000000
1101 100 100 459.30000000
1151 100 100 452.40000000
1201 100 100 472.90000000
1251 100 100 477.20000000
1301 100 100 481.80000000
1351 100 100 446.20000000
1401 100 100 457.30000000
1451 100 100 401.30000000
1501 100 100 447.80000000
1551 100 100 501.20000000
1601 100 100 412.00000000
1651 100 100 464.50000000
1701 100 100 494.60000000
1751 100 100 481.90000000
1801 100 100 401.60000000
1851 100 100 411.30000000
1901 100 100 407.20000000
1951 100 100 469.80000000
2001 100 100 439.20000000
2051 100 100 369.60000000
2101 100 100 461.80000000
2151 100 100 481.10000000
2201 100 100 432.40000000
2251 100 100 373.00000000
2301 100 100 325.90000000
2351 100 100 357.60000000
2401 100 100 328.00000000
2451 100 100 382.30000000
2501 100 100 350.80000000
2551 100 100 396.10000000
2601 100 100 442.60000000
2651 100 100 347.40000000
2701 100 100 378.90000000
2751 100 100 347.90000000
2801 100 100 1294.50000000
2851 100 100 315.70000000
2901 100 100 312.50000000
2951 100 100 346.80000000
3001 100 100 344.20000000
3051 100 100 485.00000000
3101 100 100 470.90000000
3151 100 100 436.80000000
3201 100 100 524.00000000
3251 100 100 592.20000000
3301 100 100 339.20000000
3351 100 100 350.00000000
3401 100 100 448.00000000
3451 100 100 433.40000000
3501 100 100 451.40000000
3551 100 100 445.40000000
3601 100 100 457.40000000
3651 100 100 438.50000000
3701 100 100 465.40000000
3751 100 100 413.10000000
3801 100 100 431.00000000
3851 100 100 471.70000000
3901 100 100 541.80000000
3951 100 100 424.10000000
4001 100 100 509.50000000
4051 100 100 470.00000000
4101 100 100 487.60000000
4151 100 100 447.20000000
4201 100 100 422.10000000
4251 100 100 436.80000000
4301 100 100 420.30000000
4351 100 100 494.60000000
4401 100 100 447.80000000
4451 100 100 500.00000000
4501 100 100 536.60000000
4551 100 100 451.70000000
4601 100 100 561.80000000
4651 100 100 515.50000000
4701 100 100 477.70000000
4751 100 100 462.50000000
4801 100 100 464.50000000
4851 100 100 448.00000000
4901 100 100 515.00000000
4951 100 100 527.50000000
5001 100 100 400.90000000
5051 100 100 305.60000000
5101 100 100 375.80000000
5151 100 100 484.30000000
5201 100 100 325.70000000
5251 100 100 377.80000000
5301 100 100 332.30000000
5351 100 100 320.30000000
5401 100 100 300.20000000
5451 100 100 456.70000000
5501 100 100 403.30000000
5551 100 100 517.80000000
5601 100 100 462.40000000
5651 100 100 379.40000000
5701 100 100 295.30000000
5751 100 100 348.50000000
5801 100 100 371.30000000
5851 100 100 379.40000000
5901 100 100 519.00000000
5951 100 100 433.00000000
6001 100 100 468.80000000
6051 100 100 432.60000000
6101 100 100 705.40000000
6151 100 100 563.90000000
6201 100 100 501.00000000
6251 100 100 413.70000000
6301 100 100 516.80000000
6351 100 100 440.00000000
6401 100 100 594.40000000
6451 100 100 639.30000000
6501 100 100 535.20000000
6551 100 100 579.30000000
6601 100 100 617.10000000
6651 100 100 582.20000000
6701 100 100 631.10000000
6751 100 100 572.60000000
6801 100 100 523.30000000
6851 100 100 585.90000000
6901 100 100 662.70000000
6951 100 100 549.00000000
7001 100 100 488.90000000
7051 100 100 497.50000000
7101 100 100 444.30000000
7151 100 100 479.60000000
7201 100 100 601.90000000
7251 100 100 531.20000000
7301 100 100 540.60000000
7351 100 100 472.10000000
7401 100 100 429.60000000
7451 100 100 527.40000000
7501 100 100 487.70000000
7551 100 100 560.90000000
7601 100 100 545.60000000
7651 100 100 463.30000000
7701 100 100 738.60000000
7751 100 100 441.80000000
7801 100 100 442.30000000
7851 100 100 417.80000000
7901 100 100 457.40000000
7951 100 100 418.20000000
8001 100 100 517.20000000
8051 100 100 396.70000000
8101 100 100 464.60000000
8151 100 100 464.60000000
8201 100 100 431.00000000
8251 100 100 447.20000000
8301 100 100 325.00000000
8351 100 100 478.90000000
8401 100 100 400.50000000
8451 100 100 472.30000000
8501 100 100 1083.50000000
8551 100 100 350.90000000
8601 100 100 362.10000000
8651 100 100 520.80000000
8701 100 100 391.20000000
8751 100 100 472.90000000
8801 100 100 411.70000000
8851 100 100 553.20000000
8901 100 100 461.90000000
8951 100 100 586.50000000
9001 100 100 434.90000000
9051 100 100 492.70000000
9101 100 100 492.20000000
9151 100 100 530.90000000
9201 100 100 468.10000000
9251 100 100 465.80000000
9301 100 100 536.10000000
9351 100 100 587.60000000
9401 100 100 697.50000000
9451 100 100 662.90000000
9501 100 100 626.70000000
9551 100 100 722.80000000
9601 100 100 631.20000000
9651 100 100 467.40000000
9701 100 100 624.50000000
9751 100 100 444.20000000
9801 100 100 562.00000000
9851 100 100 521.10000000
9901 100 100 563.00000000
9951 100 100 431.00000000
10001 100 100 568.70000000
10051 100 100 539.50000000
10101 100 100 413.80000000
10151 100 100 533.90000000
10201 100 100 473.80000000
10251 100 100 500.90000000
10301 100 100 541.50000000
10351 100 100 640.70000000
10401 100 100 451.50000000
10451 100 100 559.30000000
10501 100 100 508.20000000
10551 100 100 511.10000000
10601 100 100 462.20000000
10651 100 100 556.10000000
10701 100 100 497.00000000
10751 100 100 527.30000000
10801 100 100 481.70000000
10851 100 100 417.30000000
10901 100 100 567.20000000
10951 100 100 379.20000000
11001 100 100 437.10000000
11051 100 100 442.50000000
11101 100 100 411.20000000
11151 100 100 397.30000000
11201 100 100 554.50000000
11251 100 100 491.90000000
11301 100 100 450.00000000
11351 100 100 531.00000000
11401 100 100 417.40000000
11451 100 100 475.10000000
11501 100 100 525.30000000
11551 100 100 459.90000000
11601 100 100 463.60000000
11651 100 100 438.10000000
11701 100 100 503.70000000
11751 100 100 524.50000000
11801 100 100 439.40000000
11851 100 100 513.90000000
11901 100 100 793.70000000
11951 100 100 606.40000000
12001 100 100 622.00000000
12051 100 100 833.50000000
12101 100 100 530.40000000
12151 100 100 477.60000000
12201 100 100 754.20000000
12251 100 100 667.20000000
12301 100 100 844.30000000
12351 100 100 577.20000000
12401 100 100 545.40000000
12451 100 100 514.00000000
12501 100 100 552.50000000
12551 100 100 652.90000000
12601 100 100 542.00000000
12651 100 100 663.10000000
12701 100 100 519.10000000
12751 100 100 555.60000000
12801 100 100 853.10000000
12851 100 100 805.60000000
12901 100 100 681.70000000
12951 100 100 632.70000000
13001 100 100 545.10000000
13051 100 100 479.60000000
13101 100 100 637.10000000
13151 100 100 1588.30000000
13201 100 100 582.50000000
13251 100 100 628.80000000
13301 100 100 680.50000000
13351 100 100 637.20000000
13401 100 100 642.00000000
13451 100 100 538.70000000
13501 100 100 851.20000000
13551 100 100 616.90000000
13601 100 100 425.00000000
13651 100 100 489.10000000
13701 100 100 648.20000000
13751 100 100 608.80000000
13801 100 100 480.00000000
13851 100 100 390.50000000
13901 100 100 651.90000000
13951 100 100 506.30000000
14001 100 100 480.90000000
14051 100 100 375.80000000
14101 100 100 386.60000000
14151 100 100 527.80000000
14201 100 100 423.30000000
14251 100 100 448.90000000
14301 100 100 384.70000000
14351 100 100 567.20000000
14401 100 100 483.50000000
14451 100 100 595.80000000
14501 100 100 594.90000000
14551 100 100 441.90000000
14601 100 100 442.90000000
14651 100 100 626.80000000
14701 100 100 754.50000000
14751 100 100 759.40000000
14801 100 100 409.20000000
14851 100 100 544.30000000
14901 100 100 671.70000000
14951 100 100 891.10000000
15001 100 100 549.90000000
15051 100 100 746.50000000
15101 100 100 916.00000000
15151 100 100 729.60000000
15201 100 100 678.50000000
15251 100 100 671.10000000
15301 100 100 701.30000000
15351 100 100 763.40000000
15401 100 100 631.80000000
15451 100 100 517.40000000
15501 100 100 666.10000000
15551 100 100 668.20000000
15601 100 100 517.10000000
15651 100 100 839.80000000
15701 100 100 742.70000000
15751 100 100 643.40000000
15801 100 100 730.90000000
15851 100 100 972.30000000
15901 100 100 677.30000000
15951 100 100 564.10000000
16001 100 100 766.50000000
16051 100 100 655.30000000
16101 100 100 857.00000000
16151 100 100 557.20000000
16201 100 100 629.00000000
16251 100 100 808.30000000
16301 100 100 644.50000000
16351 100 100 561.50000000
16401 100 100 504.10000000
16451 100 100 484.10000000
16501 100 100 760.40000000
16551 100 100 523.00000000
16601 100 100 494.90000000
16651 100 100 633.80000000
16701 100 100 702.80000000
16751 100 100 533.00000000
16801 100 100 769.80000000
16851 100 100 494.00000000
16901 100 100 1966.00000000
16951 100 100 551.70000000
17001 100 100 485.60000000
17051 100 100 363.90000000
17101 100 100 572.30000000
17151 100 100 585.20000000
17201 100 100 730.40000000
17251 100 100 540.90000000
17301 100 100 549.50000000
17351 100 100 652.00000000
17401 100 100 457.60000000
17451 100 100 632.90000000
17501 100 100 670.30000000
17551 100 100 489.50000000
17601 100 100 561.30000000
17651 100 100 722.80000000
17701 100 100 1617.00000000
17751 100 100 649.30000000
17801 100 100 610.00000000
17851 100 100 632.40000000
17901 100 100 754.50000000
17951 100 100 594.50000000
18001 100 100 856.60000000
18051 100 100 838.10000000
18101 100 100 675.80000000
18151 100 100 1004.30000000
18201 100 100 738.90000000
18251 100 100 689.30000000
18301 100 100 555.60000000
18351 100 100 977.30000000
18401 100 100 667.00000000
18451 100 100 756.20000000
18501 100 100 834.50000000
18551 100 100 609.50000000
18601 100 100 822.10000000
18651 100 100 617.50000000
18701 100 100 847.10000000
18751 100 100 782.50000000
18801 100 100 675.40000000
18851 100 100 698.60000000
18901 100 100 719.60000000
18951 100 100 888.20000000
19001 100 100 485.30000000
19051 100 100 608.50000000
19101 100 100 847.50000000
19151 100 100 1221.40000000
19201 100 100 589.00000000
19251 100 100 687.80000000
19301 100 100 559.30000000
19351 100 100 669.90000000
19401 100 100 566.40000000
19451 100 100 666.30000000
19501 100 100 926.00000000
19551 100 100 769.10000000
19601 100 100 479.40000000
19651 100 100 622.80000000
19701 100 100 791.60000000
19751 100 100 703.40000000
19801 100 100 546.60000000
19851 100 100 796.70000000
19901 100 100 704.30000000
19951 100 100 587.30000000
20001 100 100 508.30000000
20051 100 100 643.60000000
20101 100 100 752.00000000
20151 100 100 542.80000000
20201 100 100 432.60000000
20251 100 100 562.20000000
20301 100 100 627.70000000
20351 100 100 682.00000000
20401 100 100 562.40000000
20451 100 100 514.90000000
20501 100 100 631.40000000
20551 100 100 853.90000000
20601 100 100 647.30000000
20651 100 100 829.50000000
20701 100 100 852.00000000
20751 100 100 667.70000000
20801 100 100 922.50000000
20851 100 100 837.20000000
20901 100 100 607.00000000
20951 100 100 649.00000000
21001 100 100 792.90000000
21051 100 100 618.40000000
21101 100 100 1063.40000000
21151 100 100 839.40000000
21201 100 100 896.70000000
21251 100 100 675.90000000
21301 100 100 649.40000000
21351 100 100 668.40000000
21401 100 100 670.80000000
21451 100 100 755.30000000
21501 100 100 1393.30000000
21551 100 100 611.20000000
21601 100 100 980.40000000
21651 100 100 841.60000000
21701 100 100 1014.40000000
21751 100 100 842.30000000
21801 100 100 789.50000000
21851 100 100 622.50000000
21901 100 100 1081.30000000
21951 100 100 1257.00000000
22001 100 100 731.70000000
22051 100 100 450.20000000
22101 100 100 787.80000000
22151 100 100 761.30000000
22201 100 100 1216.50000000
22251 100 100 564.00000000
22301 100 100 606.60000000
22351 100 100 613.60000000
22401 100 100 521.80000000
22451 100 100 723.40000000
22501 100 100 786.30000000
22551 100 100 990.20000000
22601 100 100 1246.50000000
22651 100 100 573.20000000
22701 100 100 850.70000000
22751 100 100 862.40000000
22801 100 100 846.50000000
22851 100 100 727.50000000
22901 100 100 1915.90000000
22951 100 100 590.20000000
23001 100 100 986.60000000
23051 100 100 760.70000000
23101 100 100 759.40000000
23151 100 100 870.50000000
23201 100 100 522.40000000
23251 100 100 418.20000000
23301 100 100 811.30000000
23351 100 100 726.10000000
23401 100 100 2396.40000000
23451 100 100 441.30000000
23501 100 100 859.50000000
23551 100 100 600.60000000
23601 100 100 592.30000000
23651 100 100 726.70000000
23701 100 100 1253.20000000
23751 100 100 1037.10000000
23801 100 100 987.40000000
23851 100 100 1303.30000000
23901 100 100 878.60000000
23951 100 100 851.10000000
24001 100 100 941.40000000
24051 100 100 1031.80000000
24101 100 100 721.80000000
24151 100 100 754.60000000
24201 100 100 726.10000000
24251 100 100 820.40000000
24301 100 100 825.00000000
24351 100 100 778.40000000
24401 100 100 1015.60000000
24451 100 100 816.40000000
24501 100 100 732.30000000
24551 100 100 801.80000000
24601 100 100 866.90000000
24651 100 100 644.10000000
24701 100 100 1113.40000000
24751 100 100 1012.20000000
24801 100 100 871.40000000
24851 100 100 932.00000000
24901 100 100 639.60000000
24951 100 100 1222.10000000
25001 100 100 798.40000000
25051 100 100 979.70000000
25101 100 100 662.40000000
25151 100 100 1124.50000000
25201 100 100 784.90000000
25251 100 100 608.60000000
25301 100 100 894.00000000
25351 100 100 678.00000000
25401 100 100 1102.90000000
25451 100 100 696.30000000
25501 100 100 880.00000000
25551 100 100 816.60000000
25601 100 100 538.30000000
25651 100 100 659.70000000
25701 100 100 576.40000000
25751 100 100 728.10000000
25801 100 100 760.30000000
25851 100 100 1215.90000000
25901 100 100 842.30000000
25951 100 100 638.20000000
26001 100 100 942.10000000
26051 100 100 973.90000000
26101 100 100 739.30000000
26151 100 100 830.10000000
26201 100 100 812.70000000
26251 100 100 909.00000000
26301 100 100 611.90000000
26351 100 100 829.60000000
26401 100 100 1555.00000000
26451 100 100 730.80000000
26501 100 100 827.90000000
26551 100 100 868.40000000
26601 100 100 891.00000000
26651 100 100 1068.00000000
26701 100 100 745.00000000
26751 100 100 1263.60000000
26801 100 100 641.70000000
26851 100 100 866.60000000
26901 100 100 1430.00000000
26951 100 100 830.30000000
27001 100 100 644.20000000
27051 100 100 1031.90000000
27101 100 100 850.40000000
27151 100 100 649.20000000
27201 100 100 958.80000000
27251 100 100 816.80000000
27301 100 100 1189.00000000
27351 100 100 1246.10000000
27401 100 100 528.80000000
27451 100 100 1101.50000000
27501 100 100 835.50000000
27551 100 100 905.00000000
27601 100 100 891.70000000
27651 100 100 932.10000000
27701 100 100 1015.00000000
27751 100 100 934.70000000
27801 100 100 1238.90000000
27851 100 100 900.70000000
27901 100 100 864.80000000
27951 100 100 1344.50000000
28001 100 100 1069.70000000
28051 100 100 1231.80000000
28101 100 100 1131.90000000
28151 100 100 795.10000000
28201 100 100 839.10000000
28251 100 100 624.80000000
28301 100 100 1048.80000000
28351 100 100 527.40000000
28401 100 100 1550.00000000
28451 100 100 548.00000000
28501 100 100 1094.70000000
28551 100 100 700.40000000
28601 100 100 854.80000000
28651 100 100 839.50000000
28701 100 100 710.30000000
28751 100 100 825.50000000
28801 100 100 877.40000000
28851 100 100 970.00000000
28901 100 100 1105.80000000
28951 100 100 759.60000000
29001 100 100 735.70000000
29051 100 100 476.60000000
29101 100 100 751.90000000
29151 100 100 1048.10000000
29201 100 100 869.00000000
29251 100 100 776.30000000
29301 100 100 1152.70000000
29351 100 100 849.90000000
29401 100 100 1094.10000000
29451 100 100 690.60000000
29501 100 100 1071.40000000
29551 100 100 1130.90000000
29601 100 100 1228.90000000
29651 100 100 875.30000000
29701 100 100 1244.80000000
29751 100 100 1341.50000000
29801 100 100 1130.10000000
29851 100 100 756.40000000
29901 100 100 1225.70000000
29951 100 100 784.70000000
30001 100 100 794.40000000
30051 100 100 982.60000000
30101 100 100 1122.30000000
30151 100 100 1966.80000000
30201 100 100 1746.70000000
30251 100 100 862.20000000
30301 100 100 851.40000000
30351 100 100 1092.30000000
30401 100 100 1334.50000000
30451 100 100 949.00000000
30501 100 100 1281.00000000
30551 100 100 1410.40000000
30601 100 100 1081.50000000
30651 100 100 980.20000000
30701 100 100 952.40000000
30751 100 100 1072.80000000
30801 100 100 1198.10000000
30851 100 100 1304.20000000
30901 100 100 877.20000000
30951 100 100 1000.30000000
31001 100 100 819.90000000
31051 100 100 625.00000000
31101 100 100 940.70000000
31151 100 100 746.70000000
31201 100 100 1399.50000000
31251 100 100 911.70000000
31301 100 100 805.20000000
31351 100 100 1095.60000000
31401 100 100 1006.10000000
31451 100 100 693.80000000
31501 100 100 1043.30000000
31551 100 100 847.70000000
31601 100 100 946.90000000
31651 100 100 1186.40000000
31701 100 100 863.50000000
31751 100 100 945.40000000
31801 100 100 1391.70000000
31851 100 100 921.30000000
31901 100 100 922.70000000
31951 100 100 1246.70000000
32001 100 100 950.80000000
32051 100 100 803.90000000
32101 100 100 1258.20000000
32151 100 100 851.80000000
32201 100 100 1065.60000000
32251 100 100 979.70000000
32301 100 100 1158.20000000
32351 100 100 944.30000000
32401 100 100 1597.20000000
32451 100 100 739.80000000
32501 100 100 1030.20000000
32551 100 100 547.10000000
32601 100 100 947.00000000
32651 100 100 1585.30000000
32701 100 100 1525.50000000
32751 100 100 1204.30000000
32801 100 100 933.50000000
32851 100 100 2785.00000000
32901 100 100 803.90000000
32951 100 100 847.30000000
33001 100 100 666.70000000
33051 100 100 933.40000000
33101 100 100 1281.60000000
33151 100 100 969.60000000
33201 100 100 1817.50000000
33251 100 100 1572.30000000
33301 100 100 1130.60000000
33351 100 100 1274.00000000
33401 100 100 927.20000000
33451 100 100 1056.90000000
33501 100 100 1165.70000000
33551 100 100 1383.00000000
33601 100 100 1249.10000000
33651 100 100 1606.30000000
33701 100 100 1601.80000000
33751 100 100 1949.40000000
33801 100 100 1616.70000000
33851 100 100 1289.50000000
33901 100 100 1498.70000000
33951 100 100 1005.20000000
34001 100 100 1377.50000000
34051 100 100 1068.10000000
34101 100 100 1144.50000000
34151 100 100 934.60000000
34201 100 100 764.20000000
34251 100 100 1363.00000000
34301 100 100 1676.50000000
34351 100 100 1252.40000000
34401 100 100 1058.10000000
34451 100 100 1269.00000000
34501 100 100 2044.40000000
34551 100 100 1997.40000000
34601 100 100 1013.30000000
34651 100 100 740.60000000
34701 100 100 869.00000000
34751 100 100 859.50000000
34801 100 100 1134.90000000
34851 100 100 1237.00000000
34901 100 100 828.50000000
34951 100 100 712.00000000
35001 100 100 600.10000000
35051 100 100 1419.30000000
35101 100 100 1509.90000000
35151 100 100 1429.60000000
35201 100 100 1230.10000000
35251 100 100 947.90000000
35301 100 100 1544.20000000
35351 100 100 976.10000000
35401 100 100 1799.80000000
35451 100 100 1447.50000000
35501 100 100 1149.10000000
35551 100 100 1089.20000000
35601 100 100 1309.50000000
35651 100 100 1264.40000000
35701 100 100 1127.50000000
35751 100 100 1080.50000000
35801 100 100 1360.60000000
35851 100 100 1537.70000000
35901 100 100 1270.60000000
35951 100 100 2056.00000000
36001 100 100 1440.10000000
36051 100 100 1203.90000000
36101 100 100 1062.70000000
36151 100 100 1276.80000000
36201 100 100 1301.30000000
36251 100 100 1845.00000000
36301 100 100 1135.00000000
36351 100 100 1340.40000000
36401 100 100 1087.80000000
36451 100 100 1351.00000000
36501 100 100 1073.00000000
36551 100 100 1337.70000000
36601 100 100 1543.80000000
36651 100 100 1349.10000000
36701 100 100 1452.60000000
36751 100 100 1290.10000000
36801 100 100 1361.30000000
36851 100 100 1168.30000000
36901 100 100 1506.60000000
36951 100 100 1249.90000000
37001 100 100 1554.30000000
37051 100 100 1080.70000000
37101 100 100 1336.30000000
37151 100 100 1617.60000000
37201 100 100 1279.10000000
37251 100 100 2655.60000000
37301 100 100 538.70000000
37351 100 100 1438.00000000
37401 100 100 1941.50000000
37451 100 100 1256.30000000
37501 100 100 1066.30000000
37551 100 100 1482.70000000
37601 100 100 1118.70000000
37651 100 100 868.10000000
37701 100 100 1291.20000000
37751 100 100 1272.10000000
37801 100 100 1176.70000000
37851 100 100 1801.80000000
37901 100 100 789.60000000
37951 100 100 860.00000000
38001 100 100 1214.50000000
38051 100 100 1340.00000000
38101 100 100 1469.20000000
38151 100 100 1291.60000000
38201 100 100 1719.00000000
38251 100 100 1041.00000000
38301 100 100 1020.90000000
38351 100 100 1572.70000000
38401 100 100 1539.10000000
38451 100 100 1618.50000000
38501 100 100 1971.10000000
38551 100 100 1805.60000000
38601 100 100 1383.60000000
38651 100 100 1177.40000000
38701 100 100 1999.90000000
38751 100 100 1534.60000000
38801 100 100 1468.70000000
38851 100 100 1215.90000000
38901 100 100 2097.50000000
38951 100 100 1740.60000000
39001 100 100 1634.30000000
39051 100 100 1588.10000000
39101 100 100 1966.20000000
39151 100 100 2591.60000000
39201 100 100 1344.20000000
39251 100 100 1710.40000000
39301 100 100 1904.30000000
39351 100 100 1433.80000000
39401 100 100 1284.00000000
39451 100 100 1714.00000000
39501 100 100 1405.30000000
39551 100 100 1676.20000000
39601 100 100 2466.90000000
39651 100 100 1488.20000000
39701 100 100 1628.30000000
39751 100 100 2888.50000000
39801 100 100 1264.80000000
39851 100 100 1443.00000000
39901 100 100 1068.50000000
39951 100 100 1570.30000000
40001 100 100 1474.50000000
40051 100 100 1308.20000000
40101 100 100 1559.70000000
40151 100 100 1145.80000000
40201 100 100 1231.10000000
40251 100 100 1514.90000000
40301 100 100 2120.00000000
40351 100 100 1613.10000000
40401 100 100 2034.60000000
40451 100 100 1380.80000000
40501 100 100 1555.90000000
40551 100 100 1780.50000000
40601 100 100 1249.00000000
40651 100 100 1317.30000000
40701 100 100 2176.60000000
40751 100 100 1491.40000000
40801 100 100 1674.00000000
40851 100 100 2278.90000000
40901 100 100 1396.50000000
40951 100 100 1788.50000000
41001 100 100 2019.60000000
41051 100 100 1453.70000000
41101 100 100 2668.30000000
41151 100 100 1596.40000000
41201 100 100 1623.20000000
41251 100 100 1258.30000000
41301 100 100 1742.20000000
41351 100 100 941.50000000
41401 100 100 1371.80000000
41451 100 100 1920.20000000
41501 100 100 1429.30000000
41551 100 100 2340.90000000
41601 100 100 1171.90000000
41651 100 100 2004.90000000
41701 100 100 1545.10000000
41751 100 100 1741.40000000
41801 100 100 1855.60000000
41851 100 100 1849.70000000
41901 100 100 2114.60000000
41951 100 100 1790.50000000
42001 100 100 1482.30000000
42051 100 100 1147.30000000
42101 100 100 1686.30000000
42151 100 100 1664.30000000
42201 100 100 2563.80000000
42251 100 100 1853.40000000
42301 100 100 1561.50000000
42351 100 100 3341.30000000
42401 100 100 1486.10000000
42451 100 100 2332.90000000
42501 100 100 1531.00000000
42551 100 100 2388.00000000
42601 100 100 1867.70000000
42651 100 100 3001.20000000
42701 100 100 1411.10000000
42751 100 100 1561.20000000
42801 100 100 2480.80000000
42851 100 100 2131.60000000
42901 100 100 1220.80000000
42951 100 100 2125.70000000
43001 100 100 2233.80000000
43051 100 100 1914.50000000
43101 100 100 1707.10000000
43151 100 100 3285.30000000
43201 100 100 1089.20000000
43251 100 100 2052.20000000
43301 100 100 1832.70000000
43351 100 100 1896.40000000
43401 100 100 1952.70000000
43451 100 100 1373.80000000
43501 100 100 2465.60000000
43551 100 100 2487.70000000
43601 100 100 1589.10000000
43651 100 100 1635.50000000
43701 100 100 1722.80000000
43751 100 100 1236.00000000
43801 100 100 1996.00000000
43851 100 100 6436.20000000
43901 100 100 2771.00000000
43951 100 100 1584.20000000
44001 100 100 2161.00000000
44051 100 100 1374.00000000
44101 100 100 1579.60000000
44151 100 100 2648.10000000
44201 100 100 1422.70000000
44251 100 100 3420.00000000
44301 100 100 2968.30000000
44351 100 100 2066.30000000
44401 100 100 1415.70000000
44451 100 100 1803.50000000
44501 100 100 2620.40000000
44551 100 100 2304.00000000
44601 100 100 2642.20000000
44651 100 100 2502.40000000
44701 100 100 3622.10000000
44751 100 100 2341.90000000
44801 100 100 2043.00000000
44851 100 100 2012.90000000
44901 100 100 2604.40000000
44951 100 100 2597.40000000
45001 100 100 2019.50000000
45051 100 100 2549.00000000
45101 100 100 2620.90000000
45151 100 100 2946.30000000
45201 100 100 1689.20000000
45251 100 100 2878.50000000
45301 100 100 3423.10000000
45351 100 100 3869.00000000
45401 100 100 1911.00000000
45451 100 100 2667.50000000
45501 100 100 2870.50000000
45551 100 100 2127.30000000
45601 100 100 3207.70000000
45651 100 100 2603.90000000
45701 100 100 3227.70000000
45751 100 100 3576.90000000
45801 100 100 1570.90000000
45851 100 100 2012.70000000
45901 100 100 3089.70000000
45951 100 100 2435.20000000
46001 100 100 3739.10000000
46051 100 100 2484.50000000
46101 100 100 2892.10000000
46151 100 100 1290.80000000
46201 100 100 2857.60000000
46251 100 100 3342.70000000
46301 100 100 1242.60000000
46351 100 100 2743.70000000
46401 100 100 2188.20000000
46451 100 100 1860.40000000
46501 100 100 2658.40000000
46551 100 100 2304.30000000
46601 100 100 3767.10000000
46651 100 100 1819.10000000
46701 100 100 2946.80000000
46751 100 100 1894.00000000
46801 100 100 2664.40000000
46851 100 100 1688.10000000
46901 100 100 1207.40000000
46951 100 100 2286.60000000
47001 100 100 4952.20000000
47051 100 100 2135.90000000
47101 100 100 1794.70000000
47151 100 100 3359.60000000
47201 100 100 2425.20000000
47251 100 100 4018.10000000
47301 100 100 2833.10000000
47351 100 100 2614.00000000
47401 100 100 1996.80000000
47451 100 100 2134.30000000
47501 100 100 3892.00000000
47551 100 100 2572.00000000
47601 100 100 2589.60000000
47651 100 100 3189.80000000
47701 100 100 3011.40000000
47751 100 100 1777.00000000
47801 100 100 2586.80000000
47851 100 100 1838.90000000
47901 100 100 1855.10000000
47951 100 100 4142.80000000
48001 100 100 2824.70000000
48051 100 100 2054.40000000
48101 100 100 3642.00000000
48151 100 100 1581.10000000
48201 100 100 1432.40000000
48251 100 100 5046.20000000
48301 100 100 1696.30000000
48351 100 100 3404.60000000
48401 100 100 2639.10000000
48451 100 100 2378.50000000
48501 100 100 2299.70000000
48551 100 100 2709.30000000
48601 100 100 2856.20000000
48651 100 100 4495.50000000
48701 100 100 2258.20000000
48751 100 100 2679.30000000
48801 100 100 2628.10000000
48851 100 100 3070.40000000
48901 100 100 3173.10000000
48951 100 100 2003.90000000
49001 100 100 3088.90000000
49051 100 100 2799.20000000
49101 100 100 2983.60000000
49151 100 100 2241.00000000
49201 100 100 2451.60000000
49251 100 100 2852.60000000
49301 100 100 1800.70000000
49351 100 100 2475.10000000
49401 100 100 2403.00000000
49451 100 100 2540.50000000
49501 100 100 4550.50000000
49551 100 100 2336.20000000
49601 100 100 3140.30000000
49651 100 100 1609.10000000
49701 100 100 2310.60000000
49751 100 100 3772.70000000
49801 100 100 5034.60000000
49851 100 100 3669.20000000
49901 100 100 2424.40000000
49951 100 100 2719.10000000
50001 100 100 1691.00000000
50051 100 100 2651.50000000
50101 100 100 4917.30000000
50151 100 100 3104.30000000
50201 100 100 2467.70000000
50251 100 100 3409.70000000
50301 100 100 2584.20000000
50351 100 100 5103.10000000
50401 100 100 3937.20000000
50451 100 100 3556.70000000
50501 100 100 1774.80000000
50551 100 100 1467.10000000
50601 100 100 2631.10000000
50651 100 100 2185.60000000
50701 100 100 2139.60000000
50751 100 100 3820.30000000
50801 100 100 2326.20000000
50851 100 100 3008.30000000
50901 100 100 3621.10000000
50951 100 100 2882.50000000
51001 100 100 3083.80000000
51051 100 100 3383.60000000
51101 100 100 4066.50000000
51151 100 100 2513.00000000
51201 100 100 1948.80000000
51251 100 100 2583.70000000
51301 100 100 4079.20000000
51351 100 100 3122.40000000
51401 100 100 4337.00000000
51451 100 100 3068.70000000
51501 100 100 5184.30000000
51551 100 100 2422.80000000
51601 100 100 3354.50000000
51651 100 100 3711.30000000
51701 100 100 2532.10000000
51751 100 100 3321.50000000
51801 100 100 3274.00000000
51851 100 100 3085.80000000
51901 100 100 3436.40000000
51951 100 100 3516.90000000
52001 100 100 2929.10000000
52051 100 100 3221.40000000
52101 100 100 4076.60000000
52151 100 100 2539.70000000
52201 100 100 3711.50000000
52251 100 100 1965.00000000
52301 100 100 2185.30000000
52351 100 100 3258.10000000
52401 100 100 2652.10000000
52451 100 100 3547.40000000
52501 100 100 3190.10000000
52551 100 100 2420.20000000
52601 100 100 3180.40000000
52651 100 100 3704.80000000
52701 100 100 4636.00000000
52751 100 100 5055.70000000
52801 100 100 3847.90000000
52851 100 100 3146.10000000
52901 100 100 4983.80000000
52951 100 100 6408.10000000
53001 100 100 3210.30000000
53051 100 100 2965.90000000
53101 100 100 3876.90000000
53151 100 100 3556.80000000
53201 100 100 2773.70000000
53251 100 100 1961.90000000
53301 100 100 3852.50000000
53351 100 100 1749.70000000
53401 100 100 2495.60000000
53451 100 100 3240.10000000
53501 100 100 3037.60000000
53551 100 100 5440.60000000
53601 100 100 3718.70000000
53651 100 100 2172.90000000
53701 100 100 3788.10000000
53751 100 100 5975.30000000
53801 100 100 3529.50000000
53851 100 100 3573.30000000
53901 100 100 3813.10000000
53951 100 100 4640.90000000
54001 100 100 3308.40000000
54051 100 100 4779.60000000
54101 100 100 3359.40000000
54151 100 100 3018.50000000
54201 100 100 5719.90000000
54251 100 100 4845.30000000
54301 100 100 6046.70000000
54351 100 100 3559.90000000
54401 100 100 4023.10000000
54451 100 100 5600.50000000
54501 100 100 3382.80000000
54551 100 100 4614.00000000
54601 100 100 2541.60000000
54651 100 100 1482.20000000
54701 100 100 2799.40000000
54751 100 100 3909.20000000
54801 100 100 1956.10000000
54851 100 100 4108.70000000
54901 100 100 5750.50000000
54951 100 100 3954.40000000
55001 100 100 3834.60000000
55051 100 100 3337.40000000
55101 100 100 3942.80000000
55151 100 100 3308.20000000
55201 100 100 2391.70000000
55251 100 100 7484.00000000
55301 100 100 4863.90000000
55351 100 100 3779.20000000
55401 100 100 6472.40000000
55451 100 100 3996.70000000
55501 100 100 6324.80000000
55551 100 100 4217.00000000
55601 100 100 3213.40000000
55651 100 100 3704.50000000
55701 100 100 4164.10000000
55751 100 100 4670.40000000
55801 100 100 3775.90000000
55851 100 100 4169.60000000
55901 100 100 5414.70000000
55951 100 100 3610.10000000
56001 100 100 3698.10000000
56051 100 100 4516.60000000
56101 100 100 4777.20000000
56151 100 100 5219.30000000
56201 100 100 3095.10000000
56251 100 100 5657.70000000
56301 100 100 4547.30000000
56351 100 100 7148.50000000
56401 100 100 5284.60000000
56451 100 100 3336.70000000
56501 100 100 6018.90000000
56551 100 100 5964.10000000
56601 100 100 3849.40000000
56651 100 100 8168.80000000
56701 100 100 5219.10000000
56751 100 100 9720.90000000
56801 100 100 3883.50000000
56851 100 100 5753.70000000
56901 100 100 4615.40000000
56951 100 100 4763.40000000
57001 100 100 5173.60000000
57051 100 100 6061.40000000
57101 100 100 4228.00000000
57151 100 100 4937.20000000
57201 100 100 6482.40000000
57251 100 100 5537.70000000
57301 100 100 2794.50000000
57351 100 100 7610.70000000
57401 100 100 4813.70000000
57451 100 100 2791.10000000
57501 100 100 4524.60000000
57551 100 100 7834.00000000
57601 100 100 3308.00000000
57651 100 100 5477.50000000
57701 100 100 5235.60000000
57751 100 100 1550.30000000
57801 100 100 2258.30000000
57851 100 100 3972.70000000
57901 100 100 3016.90000000
57951 100 100 8030.80000000
58001 100 100 3835.80000000
58051 100 100 4452.10000000
58101 100 100 2081.90000000
58151 100 100 3961.50000000
58201 100 100 5263.40000000
58251 100 100 3593.00000000
58301 100 100 3584.40000000
58351 100 100 4494.20000000
58401 100 100 7015.00000000
58451 100 100 3562.60000000
58501 100 100 4400.20000000
58551 100 100 14613.50000000
58601 100 100 9108.40000000
58651 100 100 10437.30000000
58701 100 100 3733.40000000
58751 100 100 5141.90000000
58801 100 100 5770.80000000
58851 100 100 10302.50000000
58901 100 100 1767.90000000
58951 100 100 3373.00000000
59001 100 100 4253.90000000
59051 100 100 5759.90000000
59101 100 100 3705.00000000
59151 100 100 4988.20000000
59201 100 100 4149.20000000
59251 100 100 11276.30000000
59301 100 100 3270.00000000
59351 100 100 5076.50000000
59401 100 100 4914.60000000
59451 100 100 3490.50000000
59501 100 100 6858.00000000
59551 100 100 4370.30000000
59601 100 100 2372.70000000
59651 100 100 4554.50000000
59701 100 100 2878.40000000
59751 100 100 7574.80000000
59801 100 100 9570.50000000
59851 100 100 7336.80000000
59901 100 100 5728.90000000
59951 100 100 8152.10000000
60001 100 100 6919.50000000
60051 100 100 6193.40000000
60101 100 100 3428.00000000
60151 100 100 7698.50000000
60201 100 100 3791.70000000
60251 100 100 9971.70000000
60301 100 100 11377.70000000
60351 100 100 2909.70000000
60401 100 100 3765.80000000
60451 100 100 3940.10000000
60501 100 100 4883.20000000
60551 100 100 5472.40000000
60601 100 100 7745.30000000
60651 100 100 9039.30000000
60701 100 100 3464.90000000
60751 100 100 6502.00000000
60801 100 100 4699.90000000
60851 100 100 7273.10000000
60901 100 100 3899.20000000
60951 100 100 7540.10000000
61001 100 100 5751.50000000
61051 100 100 9060.00000000
61101 100 100 6771.10000000
61151 100 100 3537.10000000
61201 100 100 5554.90000000
61251 100 100 3805.70000000
61301 100 100 4010.70000000
61351 100 100 4994.00000000
61401 100 100 6060.80000000
61451 100 100 7711.80000000
61501 100 100 4293.60000000
61551 100 100 8016.50000000
61601 100 100 5412.30000000
61651 100 100 4672.20000000
61701 100 100 8204.90000000
61751 100 100 7174.20000000
61801 100 100 8540.80000000
61851 100 100 7059.80000000
61901 100 100 11584.10000000
61951 100 100 8079.20000000
62001 100 100 8360.10000000
62051 100 100 5823.90000000
62101 100 100 6130.70000000
62151 100 100 8688.60000000
62201 100 100 6856.20000000
62251 100 100 4395.50000000
62301 100 100 9758.60000000
62351 100 100 12933.30000000
62401 100 100 8859.50000000
62451 100 100 7581.70000000
62501 100 100 4500.10000000
62551 100 100 8677.20000000
62601 100 100 6990.60000000
62651 100 100 8219.10000000
62701 100 100 10589.40000000
62751 100 100 17370.80000000
62801 100 100 3712.70000000
62851 100 100 3788.40000000
62901 100 100 12529.40000000
62951 100 100 5567.80000000
63001 100 100 7325.50000000
63051 100 100 7208.80000000
63101 100 100 5474.50000000
63151 100 100 9111.70000000
63201 100 100 8831.90000000
63251 100 100 7717.90000000
63301 100 100 5928.30000000
63351 100 100 15532.50000000
63401 100 100 9651.50000000
63451 100 100 4125.10000000
63501 100 100 4772.50000000
63551 100 100 8044.90000000
63601 100 100 8277.30000000
63651 100 100 8447.60000000
63701 100 100 5741.10000000
63751 100 100 6514.30000000
63801 100 100 9744.40000000
63851 100 100 8833.00000000
63901 100 100 8496.70000000
63951 100 100 7800.80000000
64001 100 100 11875.20000000
64051 100 100 7091.20000000
64101 100 100 8284.10000000
64151 100 100 13390.50000000
64201 100 100 8767.50000000
64251 100 100 5937.50000000
64301 100 100 9599.40000000
64351 100 100 10094.40000000
64401 100 100 5171.30000000
64451 100 100 9193.80000000
64501 100 100 6430.40000000
64551 100 100 7773.00000000
64601 100 100 5284.90000000
64651 100 100 7451.00000000
64701 100 100 7221.40000000
64751 100 100 9520.40000000
64801 100 100 9940.60000000
64851 100 100 7106.50000000
64901 100 100 9783.20000000
64951 100 100 6849.10000000
65001 100 100 9293.10000000
65051 100 100 12083.90000000
65101 100 100 8343.90000000
65151 100 100 5935.60000000
65201 100 100 8496.20000000
65251 100 100 9167.20000000
65301 100 100 6137.30000000
65351 100 100 15721.10000000
65401 100 100 9834.80000000
65451 100 100 8885.20000000
65501 100 100 8241.50000000
65551 100 100 16349.20000000
65601 100 100 10685.30000000
65651 100 100 9770.00000000
65701 100 100 13061.00000000
65751 100 100 7515.20000000
65801 100 100 7342.00000000
65851 100 100 5005.40000000
65901 100 100 7544.60000000
65951 100 100 12366.40000000
66001 100 100 8178.70000000
66051 100 100 27602.00000000
66101 100 100 8939.30000000
66151 100 100 10424.20000000
66201 100 100 5425.10000000
66251 100 100 5751.90000000
66301 100 100 9576.20000000
66351 100 100 12453.70000000
66401 100 100 11929.40000000
66451 100 100 16681.10000000
66501 100 100 15255.10000000
66551 100 100 9940.30000000
66601 100 100 11422.30000000
66651 100 100 7657.60000000
66701 100 100 7645.90000000
66751 100 100 10191.90000000
66801 100 100 5681.10000000
66851 100 100 11603.90000000
66901 100 100 12550.90000000
66951 100 100 14745.70000000
67001 100 100 11134.30000000
67051 100 100 6966.40000000
67101 100 100 18504.10000000
67151 100 100 9577.60000000
67201 100 100 10088.30000000
67251 100 100 14697.10000000
67301 100 100 7563.00000000
67351 100 100 19110.80000000
67401 100 100 6679.50000000
67451 100 100 8867.00000000
67501 100 100 15222.60000000
67551 100 100 8790.90000000
67601 100 100 10103.70000000
67651 100 100 11114.50000000
67701 100 100 5947.90000000
67751 100 100 15995.40000000
67801 100 100 3648.00000000
67851 100 100 12370.00000000
67901 100 100 15174.40000000
67951 100 100 13675.30000000
68001 100 100 11001.60000000
68051 100 100 14144.40000000
68101 100 100 12816.30000000
68151 100 100 13458.80000000
68201 100 100 22702.10000000
68251 100 100 15023.00000000
68301 100 100 8709.30000000
68351 100 100 8833.00000000
68401 100 100 18451.10000000
68451 100 100 28620.10000000
68501 100 100 11726.70000000
68551 100 100 8566.00000000
68601 100 100 8774.00000000
68651 100 100 8924.50000000
68701 100 100 9256.80000000
68751 100 100 15432.60000000
68801 100 100 17767.20000000
68851 100 100 16677.10000000
68901 100 100 11614.00000000
68951 100 100 7706.10000000
69001 100 100 10498.90000000
69051 100 100 11376.30000000
69101 100 100 11346.80000000
69151 100 100 11748.90000000
69201 100 100 8732.20000000
69251 100 100 14705.40000000
69301 100 100 10193.90000000
69351 100 100 14747.60000000
69401 100 100 21967.20000000
69451 100 100 7374.00000000
69501 100 100 11697.80000000
69551 100 100 19270.70000000
69601 100 100 15838.30000000
69651 100 100 15401.50000000
69701 100 100 26885.40000000
69751 100 100 32359.10000000
69801 100 100 13195.80000000
69851 100 100 13964.70000000
69901 100 100 10230.10000000
69951 100 100 17152.80000000
70001 100 100 28809.40000000
70051 100 100 11430.30000000
70101 100 100 17485.30000000
70151 100 100 10550.90000000
70201 100 100 20488.70000000
70251 100 100 10377.40000000
70301 100 100 28224.50000000
70351 100 100 17029.40000000
70401 100 100 7881.50000000
70451 100 100 20868.20000000
70501 100 100 16451.70000000
70551 100 100 10154.50000000
70601 100 100 14693.60000000
70651 100 100 9901.80000000
70701 100 100 17664.30000000
70751 100 100 11577.40000000
70801 100 100 18677.70000000
70851 100 100 18133.30000000
70901 100 100 12862.20000000
70951 100 100 17100.10000000
71001 100 100 21371.60000000
71051 100 100 26770.20000000
71101 100 100 34070.00000000
71151 100 100 35575.00000000
71201 100 100 16313.40000000
71251 100 100 12172.30000000
71301 100 100 19046.70000000
71351 100 100 29104.50000000
71401 100 100 11034.70000000
71451 100 100 8432.50000000
71501 100 100 16725.70000000
71551 100 100 13867.90000000
71601 100 100 6474.30000000
71651 100 100 11863.20000000
71701 100 100 27948.70000000
71751 100 100 16651.00000000
71801 100 100 26834.10000000
71851 100 100 22525.30000000
71901 100 100 15827.20000000
71951 100 100 23520.20000000
72001 100 100 37930.50000000
72051 100 100 22645.60000000
72101 100 100 12090.10000000
72151 100 100 13399.80000000
72201 100 100 13608.30000000
72251 100 100 13015.90000000
72301 100 100 20286.60000000
72351 100 100 21104.70000000
72401 100 100 24512.30000000
72451 100 100 9676.80000000
72501 100 100 9328.40000000
72551 100 100 11973.20000000
72601 100 100 18107.40000000
72651 100 100 7776.70000000
72701 100 100 10093.90000000
72751 100 100 12528.50000000
72801 100 100 26330.90000000
72851 100 100 14907.80000000
72901 100 100 26653.60000000
72951 100 100 24419.40000000
73001 100 100 10145.20000000
73051 100 100 13539.50000000
73101 100 100 22549.00000000
73151 100 100 15409.70000000
73201 100 100 12599.20000000
73251 100 100 15946.50000000
73301 100 100 28559.30000000
73351 100 100 17416.30000000
73401 100 100 17632.10000000
73451 100 100 21733.40000000
73501 100 100 56736.90000000
73551 100 100 13245.30000000
73601 100 100 23841.30000000
73651 100 100 19025.40000000
73701 100 100 8741.10000000
73751 100 100 20583.70000000
73801 100 100 17386.80000000
73851 100 100 31052.90000000
73901 100 100 31707.10000000
73951 100 100 33033.20000000
74001 100 100 18662.70000000
74051 100 100 36580.10000000
74101 100 100 9573.00000000
74151 100 100 31555.50000000
74201 100 100 24604.30000000
74251 100 100 26298.40000000
74301 100 100 21982.90000000
74351 100 100 28927.10000000
74401 100 100 35649.10000000
74451 100 100 20896.40000000
74501 100 100 35188.70000000
74551 100 100 13987.00000000
74601 100 100 20719.20000000
74651 100 100 37907.90000000
74701 100 100 28350.70000000
74751 100 100 33672.60000000
74801 100 100 30821.20000000
74851 100 100 27640.30000000
74901 100 100 18208.60000000
74951 100 100 26958.10000000
75001 100 100 29658.90000000
75051 100 100 18483.10000000
75101 100 100 38103.20000000
75151 100 100 52599.60000000
75201 100 100 41922.40000000
75251 100 100 20652.00000000
75301 100 100 29930.50000000
75351 100 100 7619.70000000
75401 100 100 42241.00000000
75451 100 100 52051.20000000
75501 100 100 33326.40000000
75551 100 100 38469.80000000
75601 100 100 23769.30000000
75651 100 100 20343.80000000
75701 100 100 26913.60000000
75751 100 100 25070.90000000
75801 100 100 43715.30000000
75851 100 100 10923.00000000
75901 100 100 29969.00000000
75951 100 100 25647.10000000
76001 100 100 22147.90000000
76051 100 100 30958.80000000
76101 100 100 17189.60000000
76151 100 100 19964.70000000
76201 100 100 58409.90000000
76251 100 100 61729.90000000
76301 100 100 41538.50000000
76351 100 100 30019.80000000
76401 100 100 43989.70000000
76451 100 100 24856.70000000
76501 100 100 34621.60000000
76551 100 100 37083.40000000
76601 100 100 71382.60000000
76651 100 100 41974.80000000
76701 100 100 37728.40000000
76751 100 100 27656.00000000
76801 100 100 45915.00000000
76851 100 100 33923.90000000
76901 100 100 58192.20000000
76951 100 100 31270.60000000
77001 100 100 22311.10000000
77051 100 100 16145.80000000
77101 100 100 70908.70000000
77151 100 100 21982.40000000
77201 100 100 27737.50000000
77251 100 100 37531.90000000
77301 100 100 61265.10000000
77351 100 100 62176.00000000
77401 100 100 29812.80000000
77451 100 100 52406.30000000
77501 100 100 68555.20000000
77551 100 100 34027.00000000
77601 100 100 40692.00000000
77651 100 100 46469.30000000
77701 100 100 60625.40000000
77751 100 100 48168.10000000
77801 100 100 20176.00000000
77851 100 100 46025.70000000
77901 100 100 43006.80000000
77951 100 100 48611.20000000
78001 100 100 26389.90000000
78051 100 100 36753.60000000
78101 100 100 16692.40000000
78151 100 100 32619.20000000
78201 100 100 60405.70000000
78251 100 100 22522.40000000
78301 100 100 49922.60000000
78351 100 100 50078.00000000
78401 100 100 36313.40000000
78451 100 100 65866.30000000
78501 100 100 17787.20000000
78551 100 100 43839.40000000
78601 100 100 44381.10000000
78651 100 100 38034.80000000
78701 100 100 82250.90000000
78751 100 100 46412.50000000
78801 100 100 36697.50000000
78851 100 100 40613.90000000
78901 100 100 55960.00000000
78951 100 100 81912.30000000
79001 100 100 46861.60000000
79051 100 100 76225.30000000
79101 100 100 64766.10000000
79151 100 100 32789.70000000
79201 100 100 55134.30000000
79251 100 100 31511.20000000
79301 100 100 38160.00000000
79351 100 100 34328.20000000
79401 100 100 20482.30000000
79451 100 100 48647.70000000
79501 100 100 44821.60000000
79551 100 100 40846.70000000
79601 100 100 118917.70000000
79651 100 100 48989.90000000
79701 100 100 49786.60000000
79751 100 100 75734.50000000
79801 100 100 29403.70000000
79851 100 100 82352.50000000
79901 100 100 42426.90000000
79951 100 100 58702.20000000
80001 100 100 106150.50000000
80051 100 100 90183.70000000
80101 100 100 79932.80000000
80151 100 100 131312.80000000
80201 100 100 73484.50000000
80251 100 100 29785.70000000
80301 100 100 62759.10000000
80351 100 100 116927.00000000
80401 100 100 60169.70000000
80451 100 100 69624.00000000
80501 100 100 37090.70000000
80551 100 100 37957.40000000
80601 100 100 116168.40000000
80651 100 100 84031.90000000
80701 100 100 33496.00000000
80751 100 100 78614.60000000
80801 100 100 57686.70000000
80851 100 100 75207.40000000
80901 100 100 55225.80000000
80951 100 100 50797.70000000
81001 100 100 41141.70000000
81051 100 100 88988.20000000
81101 100 100 62112.10000000
81151 100 100 125786.10000000
81201 100 100 53830.40000000
81251 100 100 52523.40000000
81301 100 100 88650.60000000
81351 100 100 60064.20000000
81401 100 100 32226.50000000
81451 100 100 105453.10000000
81501 100 100 112329.10000000
81551 100 100 41228.50000000
81601 100 100 78998.80000000
81651 100 100 55015.20000000
81701 100 100 51852.50000000
81751 100 100 111602.50000000
81801 100 100 164467.00000000
81851 100 100 117221.10000000
81901 100 100 117774.70000000
81951 100 100 72936.70000000
82001 100 100 37057.60000000
82051 100 100 111833.00000000
82101 100 100 68804.40000000
82151 100 100 95275.80000000
82201 100 100 65561.20000000
82251 100 100 83349.30000000
82301 100 100 46884.60000000
82351 100 100 134307.40000000
82401 100 100 216623.30000000
82451 100 100 81274.00000000
82501 100 100 103583.20000000
82551 100 100 35145.80000000
82601 100 100 86581.80000000
82651 100 100 118721.10000000
82701 100 100 69813.30000000
82751 100 100 71501.90000000
82801 100 100 123883.30000000
82851 100 100 40685.30000000
82901 100 100 143178.10000000
82951 100 100 108133.20000000
83001 100 100 66565.00000000
83051 100 100 102890.40000000
83101 100 100 152083.10000000
83151 100 100 125614.30000000
83201 100 100 59495.80000000
83251 100 100 65626.30000000
83301 100 100 113634.10000000
83351 100 100 81063.40000000
83401 100 100 101442.60000000
83451 100 100 30384.50000000
83501 100 100 105513.80000000
83551 100 100 39150.10000000
83601 100 100 94663.90000000
83651 100 100 199259.20000000
83701 100 100 136494.90000000
83751 100 100 190467.20000000
83801 100 100 135466.30000000
83851 100 100 154501.60000000
83901 100 100 63263.10000000
83951 100 100 53655.30000000
84001 100 100 33526.90000000
84051 100 100 180525.20000000
84101 100 100 111712.60000000
84151 100 100 68419.70000000
84201 100 100 139101.80000000
84251 100 100 136524.40000000
84301 100 100 86604.80000000
84351 100 100 82037.40000000
84401 100 100 195805.00000000
84451 100 100 245580.10000000
84501 100 100 174009.60000000
84551 100 100 167552.40000000
84601 100 100 110274.60000000
84651 100 100 86403.30000000
84701 100 100 84701.50000000
84751 100 100 143709.20000000
84801 100 100 131298.10000000
84851 100 100 199634.40000000
84901 100 100 238434.80000000
84951 100 100 37202.20000000
85001 100 100 91963.80000000
85051 100 100 107149.50000000
85101 100 100 43788.50000000
85151 100 100 178877.90000000
85201 100 100 85322.40000000
85251 100 100 236663.10000000
85301 100 100 125889.40000000
85351 100 100 125649.00000000
85401 100 100 101384.60000000
85451 100 100 117469.90000000
85501 100 100 56324.70000000
85551 100 100 146560.00000000
85601 100 100 67389.30000000
85651 100 100 186124.60000000
85701 100 100 214745.20000000
85751 100 100 140568.70000000
85801 100 100 109032.50000000
85851 100 100 93044.30000000
85901 100 100 266800.00000000
85951 100 100 151993.80000000
86001 100 100 116980.90000000
86051 100 100 136366.70000000
86101 100 100 127851.10000000
86151 100 100 277237.00000000
86201 100 100 167004.30000000
86251 100 100 237970.60000000
86301 100 100 105754.30000000
86351 100 100 165229.40000000
86401 100 100 126408.00000000
86451 100 100 68033.70000000
86501 100 100 143577.60000000
86551 100 100 234808.90000000
86601 100 100 163785.00000000
86651 100 100 106951.40000000
86701 100 100 132551.20000000
86751 100 100 125506.50000000
86801 100 100 167384.00000000
86851 100 100 111226.70000000
86901 100 100 104785.20000000
86951 100 100 335837.40000000
87001 100 100 250492.50000000
87051 100 100 329099.70000000
87101 100 100 121013.40000000
87151 100 100 238097.10000000
87201 100 100 193268.80000000
87251 100 100 279062.60000000
87301 100 100 190311.10000000
87351 100 100 439266.20000000
87401 100 100 238632.30000000
87451 100 100 238089.50000000
87501 100 100 128096.90000000
87551 100 100 214907.00000000
87601 100 100 370838.60000000
87651 100 100 69980.90000000
87701 100 100 160397.10000000
87751 100 100 204018.30000000
87801 100 100 265828.80000000
87851 100 100 359216.70000000
87901 100 100 544874.00000000
87951 100 100 232886.60000000
88001 100 100 149029.80000000
88051 100 100 367179.70000000
88101 100 100 365094.00000000
88151 100 100 528548.60000000
88201 100 100 100706.30000000
88251 100 100 201436.00000000
88301 100 100 719250.40000000
88351 100 100 325490.00000000
88401 100 100 195140.40000000
88451 100 100 235526.00000000
88501 100 100 50841.80000000
88551 100 100 370485.70000000
88601 100 100 216978.00000000
88651 100 100 341369.20000000
88701 100 100 537841.90000000
88751 100 100 134351.80000000
88801 100 100 136018.40000000
88851 100 100 64413.60000000
88901 100 100 247673.50000000
88951 100 100 364067.40000000
89001 100 100 711010.60000000
89051 100 100 207683.10000000
89101 100 100 139499.80000000
89151 100 100 288890.40000000
89201 100 100 433568.20000000
89251 100 100 565464.80000000
89301 100 100 509543.20000000
89351 100 100 167593.70000000
89401 100 100 628256.60000000
89451 100 100 396719.60000000
89501 100 100 246015.80000000
89551 100 100 568631.50000000
89601 100 100 742784.40000000
89651 100 100 522680.30000000
89701 100 100 318392.00000000
89751 100 100 515142.60000000
89801 100 100 345453.70000000
89851 100 100 425528.20000000
89901 100 100 545789.20000000
89951 100 100 525549.30000000
90001 100 100 430519.70000000
90051 100 100 318321.70000000
90101 100 100 599034.60000000
90151 100 100 396734.80000000
90201 100 100 511873.80000000
90251 100 100 793933.20000000
90301 100 100 225835.80000000
90351 100 100 458424.30000000
90401 100 100 602376.70000000
90451 100 100 363777.50000000
90501 100 100 639355.30000000
90551 100 100 457855.50000000
90601 100 100 353958.50000000
90651 100 100 564643.50000000
90701 100 100 1461257.30000000
90751 100 100 283053.40000000
90801 100 100 265483.90000000
90851 100 100 540139.50000000
90901 100 100 786706.40000000
90951 100 100 597803.50000000
91001 100 100 868306.70000000
91051 100 100 422470.40000000
91101 100 100 421708.80000000
91151 100 100 948986.70000000
91201 100 100 793786.10000000
91251 100 100 664129.50000000
91301 100 100 758134.50000000
91351 100 100 699458.50000000
91401 100 100 861355.70000000
91451 100 100 870464.70000000
91501 100 100 642754.20000000
91551 100 100 610354.30000000
91601 100 100 567494.40000000
91651 100 100 692531.10000000
91701 100 100 891177.10000000
91751 100 100 769295.60000000
91801 100 100 380127.00000000
91851 100 100 1211239.50000000
91901 100 100 1033970.90000000
91951 100 100 331923.00000000
92001 100 100 737603.00000000
92051 100 100 492434.70000000
92101 100 100 671968.40000000
92151 100 100 556745.50000000
92201 100 100 1831113.50000000
92251 100 100 1059672.70000000
92301 100 100 1101750.60000000
92351 100 100 1423724.00000000
92401 100 100 629530.60000000
92451 100 100 1026643.10000000
92501 100 100 733170.40000000
92551 100 100 976791.50000000
92601 100 100 866670.70000000
92651 100 100 1039561.00000000
92701 100 100 1993645.30000000
92751 100 100 1120598.50000000
92801 100 100 425855.80000000
92851 100 100 1433424.00000000
92901 100 100 991224.90000000
92951 100 100 680636.50000000
93001 100 100 1180194.00000000
93051 100 100 604346.40000000
93101 100 100 2342538.50000000
93151 100 100 194750.10000000
93201 100 100 1504879.90000000
93251 100 100 2258383.10000000
93301 100 100 1610146.60000000
93351 100 100 736490.00000000
93401 100 100 1033564.40000000
93451 100 100 2069287.30000000
93501 100 100 1204149.80000000
93551 100 100 938426.40000000
93601 100 100 992965.30000000
93651 100 100 517274.70000000
93701 100 100 1244775.50000000
93751 100 100 2138567.60000000
93801 100 100 1691373.10000000
93851 100 100 2258685.30000000
93901 100 100 2581201.70000000
93951 100 100 466093.50000000
94001 100 100 1007952.30000000
94051 100 100 1235800.20000000
94101 100 100 1423958.70000000
94151 100 100 1001131.70000000
94201 100 100 1472754.80000000
94251 100 100 1081140.10000000
94301 100 100 1678311.20000000
94351 100 100 2051398.60000000
94401 100 100 2020042.80000000
94451 100 100 987970.10000000
94501 100 100 2159270.00000000
94551 100 100 3121090.80000000
94601 100 100 1815282.10000000
94651 100 100 2202851.30000000
94701 100 100 2824085.70000000
94751 100 100 3119933.60000000
94801 100 100 3193097.10000000
94851 100 100 618821.30000000
94901 100 100 2289563.90000000
94951 100 100 1358883.30000000
95001 100 100 1897145.70000000
95051 100 100 2188299.00000000
95101 100 100 2372067.50000000
95151 100 100 1612991.50000000
95201 100 100 4347684.70000000
95251 100 100 852827.50000000
95301 100 100 1724912.10000000
95351 100 100 1019211.10000000
95401 100 100 4204037.60000000
95451 100 100 3097061.00000000
95501 100 100 2250104.50000000
95551 100 100 4147175.80000000
95601 100 100 3501137.00000000
95651 100 100 1714783.00000000
95701 100 100 4583339.60000000
95751 100 100 4589983.30000000
95801 100 100 4988600.60000000
95851 100 100 2672567.30000000
95901 100 100 1900805.60000000
95951 100 100 3349009.30000000
96001 100 100 6412573.20000000
96051 100 100 5348143.30000000
96101 100 100 2909490.40000000
96151 100 100 2032657.30000000
96201 100 100 4166751.50000000
96251 100 100 4922497.90000000
96301 100 100 3808059.10000000
96351 100 100 5776721.40000000
96401 100 100 2412143.30000000
96451 100 100 7186030.50000000
96501 100 100 2214392.00000000
96551 100 100 4995239.50000000
96601 100 100 4235512.80000000
96651 100 100 4216417.80000000
96701 100 100 3977162.20000000
96751 100 100 4842159.30000000
96801 100 100 1971925.90000000
96851 100 100 2045506.40000000
96901 100 100 3563550.40000000
96951 100 100 6515882.20000000
97001 100 100 5836818.70000000
97051 100 100 1089373.70000000
97101 100 100 5082521.10000000
97151 100 100 8259513.20000000
97201 100 100 4154083.20000000
97251 100 100 1546414.80000000
97301 100 100 5826223.10000000
97351 100 100 4570976.20000000
97401 100 100 9947410.40000000
97451 100 100 6162132.40000000
97501 100 100 12242888.20000000
97551 100 100 7051096.90000000
97601 100 100 5393388.30000000
97651 100 100 6040128.40000000
97701 100 100 4981109.20000000
97751 100 100 6128178.00000000
97801 100 100 6073308.40000000
97851 100 100 16091861.50000000
97901 100 100 8867975.20000000
97951 100 100 6412845.30000000
98001 100 100 4826650.40000000
98051 100 100 7973723.20000000
98101 100 100 8200762.80000000
98151 100 100 5642774.30000000
98201 100 100 8260012.20000000
98251 100 100 8325861.10000000
98301 100 100 8983452.20000000
98351 100 100 5652930.80000000
98401 100 100 5477198.50000000
98451 100 100 12439174.90000000
98501 100 100 13330292.70000000
98551 100 100 4328709.70000000
98601 100 100 12821720.40000000
98651 100 100 8473688.00000000
98701 100 100 10830981.30000000
98751 100 100 12973551.50000000
98801 100 100 12213355.10000000
98851 100 100 12062907.90000000
98901 100 100 4715542.40000000
98951 100 100 9518363.00000000
99001 100 100 4483274.00000000
99051 100 100 9447707.20000000
99101 100 100 12530338.80000000
99151 100 100 8736340.70000000
99201 100 100 5125348.80000000
99251 100 100 12138700.00000000
99301 100 100 16120214.30000000
99351 100 100 17310649.20000000
99401 100 100 15659441.90000000
99451 100 100 15544638.00000000
99501 100 100 12456558.50000000
99551 100 100 15061628.30000000
99601 100 100 13471401.70000000
99651 100 100 10816935.70000000
99701 100 100 11610204.70000000
99751 100 100 17135105.40000000
99801 100 100 10317859.90000000
99851 100 100 4754129.50000000
99901 100 100 13419658.90000000
99951 100 100 11549418.90000000
