1 343553.40000000
2 347368.65000000
3 355613.93333333
4 270571.15000000
5 282953.90000000
6 258514.00833333
7 287989.76428571
8 262035.72500000
9 244880.36666667
10 221535.49500000
11 226118.11818182
12 222588.31666667
13 235535.47307692
14 215906.46785714
15 248063.29333333
16 248478.89687500
17 241110.70588235
18 224466.40833333
19 245067.60789474
20 236305.24250000
21 218279.93809524
22 202424.35909091
23 190592.50000000
24 219167.28541667
25 201744.33600000
26 188358.82500000
27 176760.90185185
28 170704.05892857
29 176815.21724138
30 168420.27166667
31 167774.56290323
32 164365.41875000
33 168655.31515152
34 162600.26764706
35 162333.19428571
36 152702.39861111
37 155175.39864865
38 155768.02763158
39 165725.20512821
40 158731.47500000
41 163779.58414634
42 150989.82142857
43 154980.20930233
44 163505.54204545
45 158150.02777778
46 165097.10434783
47 165333.33085106
48 168947.84166667
49 147139.88163265
50 157066.60400000
51 158243.83431373
52 154809.10865385
53 147681.37075472
54 141579.01759259
55 149750.28636364
56 141686.47232143
57 145688.44210526
58 147967.67327586
59 156565.32542373
60 165905.89500000
61 137661.38278689
62 150262.45967742
63 140711.14761905
64 128827.25468750
65 137467.77384615
66 127150.12045455
67 123254.10820896
68 130308.21985294
69 136313.07391304
70 127793.58571429
71 129798.68309859
72 128036.68402778
73 131192.28150685
74 135844.24391892
75 122953.78933333
76 155427.65328947
77 157207.29090909
78 131004.08012821
79 145622.35506329
80 132941.04437500
81 122979.69506173
82 123036.30731707
83 130834.17650602
84 130635.71726190
85 133068.78411765
86 121559.23779070
87 136511.26724138
88 128856.47613636
89 126996.93202247
90 132770.99222222
91 132782.43791209
92 126461.33913043
93 127098.79569892
94 120928.49468085
95 117662.69315789
96 116988.91718750
97 125332.97783505
98 129348.68877551
99 125282.94343434
