n km kb millisegundos
1 1 1 3.70000000
1 1 1 3.40000000
1 1 1 3.70000000
1 1 1 3.70000000
1 1 1 4.00000000
1 1 1 3.40000000
1 1 1 3.70000000
1 1 1 3.60000000
1 1 1 3.50000000
1 1 1 3.50000000
2 2 1 3.80000000
2 1 2 3.40000000
2 2 2 3.40000000
2 2 2 3.60000000
2 1 1 3.50000000
2 1 2 3.60000000
2 1 1 3.20000000
2 1 1 3.30000000
2 1 2 3.80000000
2 1 1 3.30000000
3 2 3 3.80000000
3 3 1 3.10000000
3 1 1 3.50000000
3 1 2 3.50000000
3 3 1 3.70000000
3 3 2 3.60000000
3 3 2 3.60000000
3 3 1 3.70000000
3 1 2 4.00000000
3 3 3 3.50000000
4 3 2 3.80000000
4 3 3 3.60000000
4 3 4 3.40000000
4 3 1 3.50000000
4 2 2 3.50000000
4 2 3 3.80000000
4 4 1 3.70000000
4 4 3 3.70000000
4 1 1 3.30000000
4 2 1 3.80000000
5 3 4 3.50000000
5 1 5 3.40000000
5 3 4 3.80000000
5 1 4 3.40000000
5 4 2 3.70000000
5 1 2 3.70000000
5 4 5 3.60000000
5 5 3 3.50000000
5 2 5 3.50000000
5 4 1 3.40000000
6 2 1 3.80000000
6 4 3 4.20000000
6 3 2 3.60000000
6 5 1 3.80000000
6 4 2 3.80000000
6 1 2 3.90000000
6 2 5 3.20000000
6 1 3 3.40000000
6 1 3 3.60000000
6 6 4 3.50000000
7 7 6 3.80000000
7 1 5 3.30000000
7 3 3 3.50000000
7 3 4 3.80000000
7 2 2 3.90000000
7 4 2 3.80000000
7 2 1 3.50000000
7 2 1 3.70000000
7 2 2 3.30000000
7 5 2 3.70000000
8 8 6 3.70000000
8 2 4 4.20000000
8 1 8 3.30000000
8 1 5 3.80000000
8 4 6 3.70000000
8 4 6 3.70000000
8 1 2 3.90000000
8 7 4 3.70000000
8 5 7 4.00000000
8 8 3 3.80000000
9 1 3 3.60000000
9 1 2 3.60000000
9 3 3 3.80000000
9 1 1 3.60000000
9 7 2 3.30000000
9 2 2 3.80000000
9 6 2 3.70000000
9 5 7 3.90000000
9 9 1 4.20000000
9 8 9 4.10000000
10 4 1 3.70000000
10 2 8 3.40000000
10 2 7 3.60000000
10 9 3 3.60000000
10 8 10 3.80000000
10 6 10 3.60000000
10 10 2 3.40000000
10 9 2 3.60000000
10 7 6 4.00000000
10 4 9 3.60000000
11 7 4 3.60000000
11 10 9 4.00000000
11 2 11 3.60000000
11 4 8 3.80000000
11 5 1 3.50000000
11 2 7 3.80000000
11 1 4 3.10000000
11 11 5 3.70000000
11 4 3 4.10000000
11 1 11 3.80000000
12 11 12 3.80000000
12 2 1 3.90000000
12 12 1 4.00000000
12 10 11 3.90000000
12 12 12 4.20000000
12 8 12 4.00000000
12 10 7 3.90000000
12 1 5 3.10000000
12 10 6 3.90000000
12 8 5 3.60000000
13 10 10 3.80000000
13 9 8 3.90000000
13 13 10 4.20000000
13 3 8 4.00000000
13 5 10 3.70000000
13 13 12 4.70000000
13 11 5 3.70000000
13 2 10 3.80000000
13 13 4 3.60000000
13 9 8 3.80000000
14 6 7 4.00000000
14 1 6 3.30000000
14 13 3 3.80000000
14 10 6 3.90000000
14 10 13 4.40000000
14 13 4 4.20000000
14 10 14 4.20000000
14 14 10 4.10000000
14 10 12 4.00000000
14 9 14 4.00000000
15 2 11 3.70000000
15 5 14 3.90000000
15 12 8 3.70000000
15 10 9 4.20000000
15 2 5 3.40000000
15 9 8 3.80000000
15 2 3 3.70000000
15 5 7 3.70000000
15 1 15 3.10000000
15 1 11 3.10000000
16 11 12 4.00000000
16 9 12 4.20000000
16 2 15 3.80000000
16 4 4 3.50000000
16 5 15 3.90000000
16 9 7 3.90000000
16 1 11 3.70000000
16 2 11 3.70000000
16 1 14 4.00000000
16 11 6 3.80000000
17 7 17 3.90000000
17 14 12 4.60000000
17 13 5 3.60000000
17 15 17 4.50000000
17 5 5 3.50000000
17 4 7 3.70000000
17 5 13 3.60000000
17 17 3 3.80000000
17 11 8 4.00000000
17 13 6 3.80000000
18 7 11 3.80000000
18 8 16 4.60000000
18 6 15 3.80000000
18 1 8 3.80000000
18 2 16 4.10000000
18 5 16 3.90000000
18 15 9 4.60000000
18 4 2 3.60000000
18 1 8 3.60000000
18 13 18 4.60000000
19 19 3 4.00000000
19 8 15 3.90000000
19 19 9 4.40000000
19 15 3 3.70000000
19 4 7 3.90000000
19 13 12 4.60000000
19 2 9 3.80000000
19 15 6 4.20000000
19 14 7 3.90000000
19 9 17 4.40000000
20 4 10 3.90000000
20 14 17 5.10000000
20 7 5 3.70000000
20 15 20 5.70000000
20 9 14 4.00000000
20 10 12 4.50000000
20 7 16 4.50000000
20 4 9 5.20000000
20 11 6 4.00000000
20 19 17 5.60000000
21 16 17 5.20000000
21 6 14 4.40000000
21 6 3 4.00000000
21 20 7 4.60000000
21 14 19 5.10000000
21 20 18 6.00000000
21 15 15 5.00000000
21 14 2 3.90000000
21 19 16 5.20000000
21 14 7 4.10000000
22 17 9 4.60000000
22 17 19 5.80000000
22 11 2 3.50000000
22 9 22 4.80000000
22 20 17 5.90000000
22 22 20 6.30000000
22 6 11 4.10000000
22 2 5 3.70000000
22 12 2 3.80000000
22 7 7 3.90000000
23 9 13 3.90000000
23 22 20 6.80000000
23 16 4 3.80000000
23 8 8 4.00000000
23 7 17 4.10000000
23 19 5 4.40000000
23 5 19 4.00000000
23 1 9 3.90000000
23 2 22 3.90000000
23 17 16 5.30000000
24 21 20 7.00000000
24 7 18 4.20000000
24 11 6 3.90000000
24 18 22 6.20000000
24 12 1 3.40000000
24 8 12 4.30000000
24 11 21 4.90000000
24 18 1 3.70000000
24 3 15 4.00000000
24 15 18 5.30000000
25 20 4 3.60000000
25 6 8 3.90000000
25 17 23 5.80000000
25 3 21 4.20000000
25 17 22 6.10000000
25 12 5 3.70000000
25 12 5 3.80000000
25 17 14 5.10000000
25 6 15 4.00000000
25 1 11 3.70000000
26 5 16 4.00000000
26 6 17 4.50000000
26 2 11 3.60000000
26 20 13 5.30000000
26 25 26 8.10000000
26 16 24 5.30000000
26 9 22 4.70000000
26 16 13 5.00000000
26 10 12 3.90000000
26 10 15 4.30000000
27 25 9 5.40000000
27 1 9 3.90000000
27 15 26 6.60000000
27 5 18 4.00000000
27 10 16 4.20000000
27 9 23 5.00000000
27 7 16 4.40000000
27 23 14 6.50000000
27 2 9 4.00000000
27 25 13 5.90000000
28 3 13 3.40000000
28 8 8 3.90000000
28 15 24 6.20000000
28 11 5 3.80000000
28 5 26 4.70000000
28 27 12 6.20000000
28 3 14 3.70000000
28 10 1 4.00000000
28 13 18 5.10000000
28 17 15 5.10000000
29 3 18 3.80000000
29 9 21 4.80000000
29 12 22 5.30000000
29 6 14 3.90000000
29 12 19 5.50000000
29 1 26 3.80000000
29 22 14 5.40000000
29 1 23 3.90000000
29 20 22 6.00000000
29 19 17 6.00000000
30 20 28 7.80000000
30 30 3 4.40000000
30 25 1 3.90000000
30 18 21 6.10000000
30 9 29 5.30000000
30 9 14 4.30000000
30 15 21 6.00000000
30 11 27 6.10000000
30 9 11 3.20000000
30 20 19 6.20000000
31 8 24 4.90000000
31 6 23 4.70000000
31 19 16 5.90000000
31 27 12 6.10000000
31 23 20 7.80000000
31 19 16 6.30000000
31 4 15 4.00000000
31 18 8 4.60000000
31 7 25 5.00000000
31 12 25 5.90000000
32 11 32 5.90000000
32 11 14 4.60000000
32 21 9 5.20000000
32 22 32 8.60000000
32 9 10 3.60000000
32 28 20 8.10000000
32 25 25 8.60000000
32 32 30 11.70000000
32 24 23 7.30000000
32 31 9 5.80000000
33 23 14 6.20000000
33 20 13 5.20000000
33 31 25 10.00000000
33 30 21 8.30000000
33 31 19 8.20000000
33 9 7 3.80000000
33 28 12 6.10000000
33 10 28 5.60000000
33 23 22 7.00000000
33 23 12 5.70000000
34 13 17 5.20000000
34 12 2 3.70000000
34 21 21 7.30000000
34 17 23 6.70000000
34 22 19 6.60000000
34 2 7 3.60000000
34 12 14 4.80000000
34 9 34 5.90000000
34 22 6 4.30000000
34 23 25 8.10000000
35 3 10 3.80000000
35 10 24 5.20000000
35 3 11 4.00000000
35 26 16 6.40000000
35 32 14 7.10000000
35 22 11 5.20000000
35 7 10 3.80000000
35 25 9 5.50000000
35 22 23 8.20000000
35 23 22 7.50000000
36 30 26 11.60000000
36 28 30 11.50000000
36 18 4 3.80000000
36 11 28 6.20000000
36 36 10 6.60000000
36 25 23 8.10000000
36 31 24 9.40000000
36 34 32 11.70000000
36 13 4 3.80000000
36 5 28 4.70000000
37 6 29 5.00000000
37 18 25 6.90000000
37 19 4 4.50000000
37 25 24 9.00000000
37 28 17 7.40000000
37 1 16 3.90000000
37 2 2 3.70000000
37 17 23 6.80000000
37 14 20 5.60000000
37 23 17 6.80000000
38 4 34 4.60000000
38 5 12 3.80000000
38 6 10 3.50000000
38 35 24 9.80000000
38 10 10 4.10000000
38 8 20 4.80000000
38 8 36 6.40000000
38 18 21 6.80000000
38 26 14 7.10000000
38 23 3 4.20000000
39 19 11 5.50000000
39 16 5 4.10000000
39 17 3 4.00000000
39 11 9 4.40000000
39 17 8 4.70000000
39 6 19 4.30000000
39 29 33 12.70000000
39 22 36 10.40000000
39 3 14 3.80000000
39 33 35 15.40000000
40 8 27 5.30000000
40 5 6 3.70000000
40 31 19 9.20000000
40 29 1 4.00000000
40 20 38 9.50000000
40 27 18 7.60000000
40 35 25 11.60000000
40 14 40 8.60000000
40 37 26 11.90000000
40 33 8 5.70000000
41 2 36 4.50000000
41 17 2 3.80000000
41 9 28 5.70000000
41 28 38 12.70000000
41 6 17 4.40000000
41 19 21 6.90000000
41 29 26 9.70000000
41 38 6 5.80000000
41 34 41 15.60000000
41 27 30 10.80000000
42 30 13 7.70000000
42 28 1 4.00000000
42 29 21 8.80000000
42 18 11 4.60000000
42 33 11 6.70000000
42 25 23 8.90000000
42 29 9 5.70000000
42 14 17 5.60000000
42 16 5 4.20000000
42 32 23 9.70000000
43 35 34 14.60000000
43 43 29 15.80000000
43 28 24 9.30000000
43 43 36 17.20000000
43 6 31 5.10000000
43 1 17 3.50000000
43 19 27 8.50000000
43 41 3 5.00000000
43 35 8 6.10000000
43 17 23 6.30000000
44 12 7 4.50000000
44 9 36 6.30000000
44 37 20 10.40000000
44 5 21 4.50000000
44 39 21 11.90000000
44 40 7 6.80000000
44 17 43 9.50000000
44 44 19 11.00000000
44 12 15 4.90000000
44 13 20 5.80000000
45 27 35 12.40000000
45 29 20 9.60000000
45 25 7 5.00000000
45 43 31 15.40000000
45 38 25 13.50000000
45 20 18 6.50000000
45 30 38 13.80000000
45 34 44 17.80000000
45 42 24 12.70000000
45 4 6 3.70000000
46 29 6 5.20000000
46 24 37 11.90000000
46 14 33 7.80000000
46 44 39 21.00000000
46 33 9 6.00000000
46 36 4 4.70000000
46 33 16 8.40000000
46 13 14 4.90000000
46 29 17 8.20000000
46 29 19 8.70000000
47 24 44 14.30000000
47 15 6 4.90000000
47 22 10 5.30000000
47 38 22 10.80000000
47 31 33 13.20000000
47 1 7 3.60000000
47 34 44 18.20000000
47 10 7 3.90000000
47 43 19 11.50000000
47 35 32 15.00000000
48 33 12 6.30000000
48 7 25 5.70000000
48 24 28 10.00000000
48 39 45 21.10000000
48 18 1 3.60000000
48 38 39 18.00000000
48 21 2 3.70000000
48 23 18 7.80000000
48 17 11 5.20000000
48 48 43 24.60000000
49 30 15 7.20000000
49 18 22 6.80000000
49 16 27 7.00000000
49 32 12 7.30000000
49 5 14 4.20000000
49 17 8 4.60000000
49 15 20 6.50000000
49 30 34 12.50000000
49 21 10 5.30000000
49 39 43 19.90000000
50 12 30 6.90000000
50 46 5 5.80000000
50 50 22 13.60000000
50 25 34 11.70000000
50 33 17 9.00000000
50 5 44 5.80000000
50 41 35 17.70000000
50 22 26 8.60000000
50 28 15 7.10000000
50 16 36 9.10000000
51 51 14 11.90000000
51 23 25 9.60000000
51 17 49 12.00000000
51 44 20 12.40000000
51 47 41 22.50000000
51 44 38 19.60000000
51 20 15 6.00000000
51 44 20 12.40000000
51 22 39 12.10000000
51 38 2 4.40000000
52 37 47 21.70000000
52 47 33 19.10000000
52 27 48 16.30000000
52 7 46 6.80000000
52 5 27 4.50000000
52 16 19 6.60000000
52 36 34 16.70000000
52 8 28 5.40000000
52 1 8 3.60000000
52 42 29 15.30000000
53 13 34 7.10000000
53 38 8 7.20000000
53 33 36 15.10000000
53 15 7 4.40000000
53 12 29 6.50000000
53 6 11 4.30000000
53 41 7 6.90000000
53 18 40 10.60000000
53 47 28 17.50000000
53 33 14 7.20000000
54 11 43 8.00000000
54 43 23 14.70000000
54 11 39 8.00000000
54 51 18 12.30000000
54 9 5 3.50000000
54 40 45 22.70000000
54 18 12 5.10000000
54 43 31 15.50000000
54 3 3 3.60000000
54 20 17 6.80000000
55 45 42 23.90000000
55 1 41 4.10000000
55 7 16 4.50000000
55 41 41 21.30000000
55 12 14 4.80000000
55 44 6 6.00000000
55 9 6 3.80000000
55 24 48 15.20000000
55 4 42 5.20000000
55 30 25 10.10000000
56 21 53 15.00000000
56 9 26 5.00000000
56 6 40 5.80000000
56 10 2 3.70000000
56 10 41 7.50000000
56 40 18 10.10000000
56 49 10 9.30000000
56 29 10 6.50000000
56 56 53 35.10000000
56 35 54 23.10000000
57 26 54 17.40000000
57 56 51 33.60000000
57 32 23 10.70000000
57 43 39 21.20000000
57 47 29 17.00000000
57 53 17 14.60000000
57 38 51 22.20000000
57 25 42 14.20000000
57 9 24 5.50000000
57 57 29 20.40000000
58 33 27 13.40000000
58 42 45 23.60000000
58 34 27 12.30000000
58 4 22 4.70000000
58 50 42 26.10000000
58 50 2 5.10000000
58 17 19 7.10000000
58 49 20 14.20000000
58 28 20 9.30000000
58 29 53 20.70000000
59 47 45 25.50000000
59 56 30 22.10000000
59 36 20 10.80000000
59 27 15 7.40000000
59 35 33 15.50000000
59 38 31 15.00000000
59 21 1 3.70000000
59 7 5 3.90000000
59 55 24 17.80000000
59 11 29 6.80000000
60 44 31 17.30000000
60 30 14 7.50000000
60 19 7 4.50000000
60 14 35 9.10000000
60 29 41 15.00000000
60 14 10 4.60000000
60 13 37 7.90000000
60 5 18 4.30000000
60 43 33 17.80000000
60 1 43 4.40000000
61 38 58 26.90000000
61 44 46 24.90000000
61 35 17 9.40000000
61 54 1 4.50000000
61 43 27 15.00000000
61 57 27 19.80000000
61 38 21 11.10000000
61 49 37 23.60000000
61 23 36 12.80000000
61 5 36 5.50000000
62 13 55 11.40000000
62 57 18 13.50000000
62 12 34 8.10000000
62 25 25 9.90000000
62 29 62 23.50000000
62 48 41 24.60000000
62 36 26 12.10000000
62 20 10 5.20000000
62 14 24 6.80000000
62 25 55 18.20000000
63 61 6 9.00000000
63 36 6 6.10000000
63 40 24 14.00000000
63 33 52 21.80000000
63 56 6 7.50000000
63 26 2 4.20000000
63 39 14 9.10000000
63 4 61 6.60000000
63 23 14 6.80000000
63 22 58 16.30000000
64 58 33 25.10000000
64 43 16 10.30000000
64 36 12 7.90000000
64 7 53 7.50000000
64 42 59 30.40000000
64 45 10 9.30000000
64 8 50 8.60000000
64 44 63 34.50000000
64 13 29 7.30000000
64 50 10 9.10000000
65 11 17 5.30000000
65 33 51 21.90000000
65 46 50 28.80000000
65 32 63 26.60000000
65 26 37 13.10000000
65 13 65 13.00000000
65 50 41 27.00000000
65 24 2 3.90000000
65 24 5 4.80000000
65 42 32 17.70000000
66 48 25 15.60000000
66 57 44 30.30000000
66 66 15 14.00000000
66 29 63 24.10000000
66 20 25 8.20000000
66 46 37 21.60000000
66 7 18 4.60000000
66 28 47 18.00000000
66 55 32 23.20000000
66 3 35 4.70000000
67 49 49 30.50000000
67 46 66 38.70000000
67 29 15 8.30000000
67 6 5 3.90000000
67 61 49 36.70000000
67 26 27 10.00000000
67 24 1 3.60000000
67 43 13 9.20000000
67 60 5 7.20000000
67 9 55 10.10000000
68 57 3 6.20000000
68 23 61 20.70000000
68 13 22 6.20000000
68 56 57 39.70000000
68 54 63 42.70000000
68 15 43 10.40000000
68 30 14 8.30000000
68 28 20 9.50000000
68 54 29 20.70000000
68 62 42 32.80000000
69 12 38 8.30000000
69 56 30 22.80000000
69 40 53 27.80000000
69 54 21 17.10000000
69 61 8 9.80000000
69 32 20 10.20000000
69 56 59 42.10000000
69 23 69 23.50000000
69 39 8 7.60000000
69 17 59 15.00000000
70 11 40 8.30000000
70 23 24 9.10000000
70 51 38 25.30000000
70 43 3 5.50000000
70 1 54 4.80000000
70 44 62 34.60000000
70 53 44 29.20000000
70 44 66 36.10000000
70 2 63 5.50000000
70 4 4 3.90000000
71 63 46 36.70000000
71 35 48 21.60000000
71 11 20 5.50000000
71 55 40 29.10000000
71 31 27 12.90000000
71 58 11 11.50000000
71 66 15 14.80000000
71 8 51 8.90000000
71 11 9 4.40000000
71 33 12 8.30000000
72 12 35 7.70000000
72 19 68 18.90000000
72 37 16 10.80000000
72 40 53 27.10000000
72 49 14 11.70000000
72 30 58 23.00000000
72 14 10 4.40000000
72 34 49 22.70000000
72 48 18 13.80000000
72 32 26 13.30000000
73 32 52 23.10000000
73 18 38 11.60000000
73 69 50 44.30000000
73 24 40 15.30000000
73 18 39 11.60000000
73 4 7 3.70000000
73 20 41 13.40000000
73 54 40 29.00000000
73 1 13 3.80000000
73 45 41 25.00000000
74 63 27 23.20000000
74 23 34 12.20000000
74 37 28 15.10000000
74 36 43 20.30000000
74 23 62 20.40000000
74 53 67 44.80000000
74 12 20 5.70000000
74 39 41 21.00000000
74 69 72 64.50000000
74 50 32 21.50000000
75 47 33 20.90000000
75 15 46 10.90000000
75 10 8 4.40000000
75 73 69 68.10000000
75 28 52 20.10000000
75 49 24 17.30000000
75 66 40 33.10000000
75 10 72 13.70000000
75 1 42 4.20000000
75 68 19 20.00000000
76 33 2 4.30000000
76 40 39 22.10000000
76 1 54 4.50000000
76 54 58 40.70000000
76 43 60 33.80000000
76 11 66 13.30000000
76 63 34 28.20000000
76 26 52 19.70000000
76 76 63 64.70000000
76 24 57 18.50000000
77 65 36 32.70000000
77 32 9 6.80000000
77 27 34 12.40000000
77 31 27 12.50000000
77 20 27 9.60000000
77 18 34 10.30000000
77 67 41 36.70000000
77 47 3 5.80000000
77 12 40 9.30000000
77 68 75 67.60000000
78 36 75 36.80000000
78 21 63 18.60000000
78 65 58 50.30000000
78 35 8 6.90000000
78 75 77 78.90000000
78 54 14 13.20000000
78 63 29 26.60000000
78 29 40 17.30000000
78 19 8 5.30000000
78 57 57 41.60000000
79 53 12 11.40000000
79 65 16 16.20000000
79 43 76 43.10000000
79 45 37 24.10000000
79 41 34 19.00000000
79 63 61 50.70000000
79 10 53 10.00000000
79 2 4 3.80000000
79 1 32 4.20000000
79 64 45 38.90000000
80 35 13 8.70000000
80 14 35 8.80000000
80 35 44 21.00000000
80 47 16 12.60000000
80 13 76 16.70000000
80 5 61 8.00000000
80 16 49 12.90000000
80 39 37 19.50000000
80 42 43 24.00000000
80 79 77 83.30000000
81 31 70 28.50000000
81 12 26 7.20000000
81 10 79 13.80000000
81 77 41 41.20000000
81 66 74 67.10000000
81 64 48 39.90000000
81 23 20 8.70000000
81 14 52 13.00000000
81 33 18 10.40000000
81 52 32 23.60000000
82 29 21 10.30000000
82 19 55 16.30000000
82 19 8 4.90000000
82 13 20 7.50000000
82 12 63 13.60000000
82 22 2 4.90000000
82 16 79 19.40000000
82 4 9 4.30000000
82 11 2 4.20000000
82 74 43 43.60000000
83 33 80 36.50000000
83 64 76 66.40000000
83 10 50 9.10000000
83 4 67 10.20000000
83 10 54 11.00000000
83 79 65 74.50000000
83 31 51 23.70000000
83 41 56 31.60000000
83 75 2 5.60000000
83 68 33 30.50000000
84 43 59 34.50000000
84 9 52 8.70000000
84 47 62 40.10000000
84 53 67 45.90000000
84 25 75 27.70000000
84 76 25 27.20000000
84 64 26 24.30000000
84 81 19 24.00000000
84 56 55 40.90000000
84 25 64 24.90000000
85 61 10 11.50000000
85 55 35 26.30000000
85 71 41 39.40000000
85 12 83 16.50000000
85 74 46 46.30000000
85 76 54 56.20000000
85 48 60 39.00000000
85 73 33 33.00000000
85 7 68 10.40000000
85 59 4 6.80000000
86 40 13 9.60000000
86 57 15 13.00000000
86 15 79 20.20000000
86 36 69 35.60000000
86 84 70 83.50000000
86 64 61 53.40000000
86 52 52 35.90000000
86 38 42 23.00000000
86 34 13 8.80000000
86 24 49 17.00000000
87 35 63 31.00000000
87 10 78 15.70000000
87 62 5 8.40000000
87 64 10 12.20000000
87 17 40 12.00000000
87 64 42 37.50000000
87 6 14 4.40000000
87 81 47 52.60000000
87 86 47 57.50000000
87 67 36 32.60000000
88 1 53 4.50000000
88 74 63 65.40000000
88 43 17 12.00000000
88 37 39 19.40000000
88 14 44 10.80000000
88 13 25 7.70000000
88 85 33 39.70000000
88 69 39 37.40000000
88 14 78 18.30000000
88 14 43 10.80000000
89 63 80 72.10000000
89 48 23 17.20000000
89 43 70 41.20000000
89 39 46 24.90000000
89 82 41 47.20000000
89 49 36 25.80000000
89 61 60 52.00000000
89 7 69 10.00000000
89 48 5 6.60000000
89 23 41 15.80000000
90 74 79 84.80000000
90 83 36 42.80000000
90 47 83 54.00000000
90 8 54 9.30000000
90 9 81 14.90000000
90 88 85 110.40000000
90 36 47 23.30000000
90 32 42 18.20000000
90 14 8 4.30000000
90 24 19 8.50000000
91 69 21 23.30000000
91 65 47 44.20000000
91 32 5 5.60000000
91 81 15 19.90000000
91 37 62 32.60000000
91 37 4 5.50000000
91 24 65 23.00000000
91 87 86 112.00000000
91 91 14 21.90000000
91 82 41 46.50000000
92 85 80 101.60000000
92 76 46 48.90000000
92 27 49 21.30000000
92 40 30 17.60000000
92 45 6 7.50000000
92 78 31 35.70000000
92 83 11 16.80000000
92 1 2 3.40000000
92 79 68 78.10000000
92 7 76 12.00000000
93 48 30 22.00000000
93 69 65 62.50000000
93 82 28 34.00000000
93 29 40 16.70000000
93 87 28 35.90000000
93 56 80 63.50000000
93 68 88 89.70000000
93 33 93 47.80000000
93 65 13 15.10000000
93 34 11 8.80000000
94 85 47 57.30000000
94 94 66 92.40000000
94 61 33 28.80000000
94 34 48 24.30000000
94 50 89 63.60000000
94 10 17 6.20000000
94 37 12 10.00000000
94 89 59 76.20000000
94 29 55 22.60000000
94 82 32 39.20000000
95 53 66 50.70000000
95 44 24 18.30000000
95 24 24 10.10000000
95 30 36 18.70000000
95 47 1 4.90000000
95 22 60 23.60000000
95 50 80 59.60000000
95 15 31 8.50000000
95 13 38 9.80000000
95 68 5 8.90000000
96 51 12 12.90000000
96 35 52 26.20000000
96 74 14 17.80000000
96 47 19 14.70000000
96 5 59 7.70000000
96 95 61 87.60000000
96 64 36 34.80000000
96 60 5 8.20000000
96 78 23 27.90000000
96 64 30 29.50000000
97 3 11 4.10000000
97 44 36 23.80000000
97 59 64 52.90000000
97 92 67 92.80000000
97 66 63 59.90000000
97 4 20 4.30000000
97 97 54 78.10000000
97 72 54 57.00000000
97 57 22 20.90000000
97 89 27 37.40000000
98 16 40 13.40000000
98 23 47 20.10000000
98 61 2 6.40000000
98 59 95 83.40000000
98 29 24 12.10000000
98 77 57 64.40000000
98 57 59 48.80000000
98 70 11 14.80000000
98 61 70 63.00000000
98 64 30 27.60000000
99 70 51 51.30000000
99 87 63 83.60000000
99 81 83 105.70000000
99 76 69 77.30000000
99 58 52 44.20000000
99 64 43 40.20000000
99 27 96 39.70000000
99 83 42 49.80000000
99 94 37 50.80000000
99 33 22 12.10000000
100 99 46 67.80000000
100 75 60 65.50000000
100 11 38 9.10000000
100 29 97 42.80000000
100 87 38 48.80000000
100 49 59 42.10000000
100 49 69 47.80000000
100 75 64 70.40000000
100 73 80 87.90000000
100 95 30 44.20000000
