n km kb nanosegundos km*kb n*km*kb div-(km*kb) div-(n*km*kb)
1 1 1 2705200.00000000 1 1 2705200.00000000 2705200.00000000
1 1 1 2574400.00000000 1 1 2574400.00000000 2574400.00000000
1 1 1 3990200.00000000 1 1 3990200.00000000 3990200.00000000
1 1 1 2647000.00000000 1 1 2647000.00000000 2647000.00000000
1 1 1 2302500.00000000 1 1 2302500.00000000 2302500.00000000
1 1 1 2488100.00000000 1 1 2488100.00000000 2488100.00000000
1 1 1 3057500.00000000 1 1 3057500.00000000 3057500.00000000
1 1 1 2657500.00000000 1 1 2657500.00000000 2657500.00000000
1 1 1 2571300.00000000 1 1 2571300.00000000 2571300.00000000
1 1 1 2913100.00000000 1 1 2913100.00000000 2913100.00000000
2 1 1 2880800.00000000 1 2 2880800.00000000 1440400.00000000
2 2 2 3181400.00000000 4 8 795350.00000000 397675.00000000
2 2 2 2316900.00000000 4 8 579225.00000000 289612.50000000
2 2 1 2415800.00000000 2 4 1207900.00000000 603950.00000000
2 1 1 2355600.00000000 1 2 2355600.00000000 1177800.00000000
2 2 2 2945400.00000000 4 8 736350.00000000 368175.00000000
2 2 1 2501300.00000000 2 4 1250650.00000000 625325.00000000
2 2 1 2333100.00000000 2 4 1166550.00000000 583275.00000000
2 2 2 3117300.00000000 4 8 779325.00000000 389662.50000000
2 1 2 2955500.00000000 2 4 1477750.00000000 738875.00000000
3 3 1 2338300.00000000 3 9 779433.33333333 259811.11111111
3 3 3 2881600.00000000 9 27 320177.77777778 106725.92592593
3 3 1 3196600.00000000 3 9 1065533.33333333 355177.77777778
3 3 1 2582100.00000000 3 9 860700.00000000 286900.00000000
3 2 2 2434400.00000000 4 12 608600.00000000 202866.66666667
3 3 1 2785200.00000000 3 9 928400.00000000 309466.66666667
3 3 2 3029100.00000000 6 18 504850.00000000 168283.33333333
3 1 2 2880900.00000000 2 6 1440450.00000000 480150.00000000
3 3 3 2466600.00000000 9 27 274066.66666667 91355.55555556
3 3 2 2681300.00000000 6 18 446883.33333333 148961.11111111
4 2 4 2435200.00000000 8 32 304400.00000000 76100.00000000
4 4 1 2610100.00000000 4 16 652525.00000000 163131.25000000
4 2 4 3807300.00000000 8 32 475912.50000000 118978.12500000
4 2 1 2457700.00000000 2 8 1228850.00000000 307212.50000000
4 4 4 2550400.00000000 16 64 159400.00000000 39850.00000000
4 1 3 2780600.00000000 3 12 926866.66666667 231716.66666667
4 2 3 2495000.00000000 6 24 415833.33333333 103958.33333333
4 1 2 3422500.00000000 2 8 1711250.00000000 427812.50000000
4 3 3 2817800.00000000 9 36 313088.88888889 78272.22222222
4 2 3 3308300.00000000 6 24 551383.33333333 137845.83333333
5 2 2 2418900.00000000 4 20 604725.00000000 120945.00000000
5 3 4 2283000.00000000 12 60 190250.00000000 38050.00000000
5 3 5 2415900.00000000 15 75 161060.00000000 32212.00000000
5 2 1 2925800.00000000 2 10 1462900.00000000 292580.00000000
5 2 5 2622700.00000000 10 50 262270.00000000 52454.00000000
5 5 3 3124100.00000000 15 75 208273.33333333 41654.66666667
5 4 4 2840100.00000000 16 80 177506.25000000 35501.25000000
5 5 2 2474900.00000000 10 50 247490.00000000 49498.00000000
5 3 3 3507400.00000000 9 45 389711.11111111 77942.22222222
5 5 5 2578500.00000000 25 125 103140.00000000 20628.00000000
6 5 4 2747700.00000000 20 120 137385.00000000 22897.50000000
6 3 3 3997800.00000000 9 54 444200.00000000 74033.33333333
6 1 4 3812800.00000000 4 24 953200.00000000 158866.66666667
6 4 5 2449000.00000000 20 120 122450.00000000 20408.33333333
6 6 4 2312100.00000000 24 144 96337.50000000 16056.25000000
6 2 1 2391800.00000000 2 12 1195900.00000000 199316.66666667
6 1 3 2437200.00000000 3 18 812400.00000000 135400.00000000
6 4 6 2566500.00000000 24 144 106937.50000000 17822.91666667
6 4 6 2833100.00000000 24 144 118045.83333333 19674.30555556
6 3 4 2917400.00000000 12 72 243116.66666667 40519.44444444
7 1 3 2324900.00000000 3 21 774966.66666667 110709.52380952
7 7 3 2161000.00000000 21 147 102904.76190476 14700.68027211
7 3 3 3211100.00000000 9 63 356788.88888889 50969.84126984
7 5 2 2341100.00000000 10 70 234110.00000000 33444.28571429
7 1 7 2541700.00000000 7 49 363100.00000000 51871.42857143
7 3 3 2809000.00000000 9 63 312111.11111111 44587.30158730
7 4 3 2957900.00000000 12 84 246491.66666667 35213.09523810
7 2 3 2743200.00000000 6 42 457200.00000000 65314.28571429
7 2 1 2555900.00000000 2 14 1277950.00000000 182564.28571429
7 6 5 2634600.00000000 30 210 87820.00000000 12545.71428571
8 6 4 3310900.00000000 24 192 137954.16666667 17244.27083333
8 4 2 2663400.00000000 8 64 332925.00000000 41615.62500000
8 6 8 3298700.00000000 48 384 68722.91666667 8590.36458333
8 8 6 3188200.00000000 48 384 66420.83333333 8302.60416667
8 7 6 2697500.00000000 42 336 64226.19047619 8028.27380952
8 5 4 2931000.00000000 20 160 146550.00000000 18318.75000000
8 2 2 3211000.00000000 4 32 802750.00000000 100343.75000000
8 2 3 2697600.00000000 6 48 449600.00000000 56200.00000000
8 3 1 2206800.00000000 3 24 735600.00000000 91950.00000000
8 4 1 2954100.00000000 4 32 738525.00000000 92315.62500000
9 7 5 3592800.00000000 35 315 102651.42857143 11405.71428571
9 5 1 2946900.00000000 5 45 589380.00000000 65486.66666667
9 7 1 2453000.00000000 7 63 350428.57142857 38936.50793651
9 9 3 2527300.00000000 27 243 93603.70370370 10400.41152263
9 8 6 2557700.00000000 48 432 53285.41666667 5920.60185185
9 5 3 2892700.00000000 15 135 192846.66666667 21427.40740741
9 7 9 3073900.00000000 63 567 48792.06349206 5421.34038801
9 2 8 3811800.00000000 16 144 238237.50000000 26470.83333333
9 1 6 2556000.00000000 6 54 426000.00000000 47333.33333333
9 4 6 2900800.00000000 24 216 120866.66666667 13429.62962963
10 2 6 2890900.00000000 12 120 240908.33333333 24090.83333333
10 4 8 4208800.00000000 32 320 131525.00000000 13152.50000000
10 1 3 2897800.00000000 3 30 965933.33333333 96593.33333333
10 5 3 2443300.00000000 15 150 162886.66666667 16288.66666667
10 1 4 2866500.00000000 4 40 716625.00000000 71662.50000000
10 6 1 2929400.00000000 6 60 488233.33333333 48823.33333333
10 10 5 3213400.00000000 50 500 64268.00000000 6426.80000000
10 2 6 2522300.00000000 12 120 210191.66666667 21019.16666667
10 6 6 3046500.00000000 36 360 84625.00000000 8462.50000000
10 10 1 2618200.00000000 10 100 261820.00000000 26182.00000000
11 8 6 3582600.00000000 48 528 74637.50000000 6785.22727273
11 1 6 2956100.00000000 6 66 492683.33333333 44789.39393939
11 8 3 6382300.00000000 24 264 265929.16666667 24175.37878788
11 7 7 11924400.00000000 49 539 243355.10204082 22123.19109462
11 5 6 9770400.00000000 30 330 325680.00000000 29607.27272727
11 4 10 4620100.00000000 40 440 115502.50000000 10500.22727273
11 11 8 3409400.00000000 88 968 38743.18181818 3522.10743802
11 4 11 4065100.00000000 44 484 92388.63636364 8398.96694215
11 1 6 2329200.00000000 6 66 388200.00000000 35290.90909091
11 10 9 3377200.00000000 90 990 37524.44444444 3411.31313131
12 1 3 2555700.00000000 3 36 851900.00000000 70991.66666667
12 12 12 3678400.00000000 144 1728 25544.44444444 2128.70370370
12 3 5 2966700.00000000 15 180 197780.00000000 16481.66666667
12 8 12 3288800.00000000 96 1152 34258.33333333 2854.86111111
12 11 2 2694400.00000000 22 264 122472.72727273 10206.06060606
12 3 5 2722800.00000000 15 180 181520.00000000 15126.66666667
12 11 1 3145400.00000000 11 132 285945.45454545 23828.78787879
12 1 4 2435000.00000000 4 48 608750.00000000 50729.16666667
12 12 11 3234400.00000000 132 1584 24503.03030303 2041.91919192
12 8 6 2959000.00000000 48 576 61645.83333333 5137.15277778
13 1 3 2780800.00000000 3 39 926933.33333333 71302.56410256
13 13 8 3754400.00000000 104 1352 36100.00000000 2776.92307692
13 1 1 2458600.00000000 1 13 2458600.00000000 189123.07692308
13 7 11 3713200.00000000 77 1001 48223.37662338 3709.49050949
13 1 6 2592900.00000000 6 78 432150.00000000 33242.30769231
13 3 2 2594400.00000000 6 78 432400.00000000 33261.53846154
13 11 1 3101200.00000000 11 143 281927.27272727 21686.71328671
13 2 8 2527700.00000000 16 208 157981.25000000 12152.40384615
13 1 2 2588400.00000000 2 26 1294200.00000000 99553.84615385
13 8 4 3005700.00000000 32 416 93928.12500000 7225.24038462
14 9 5 3878500.00000000 45 630 86188.88888889 6156.34920635
14 3 9 2954300.00000000 27 378 109418.51851852 7815.60846561
14 3 14 2794100.00000000 42 588 66526.19047619 4751.87074830
14 5 5 2589100.00000000 25 350 103564.00000000 7397.42857143
14 7 9 3855200.00000000 63 882 61193.65079365 4370.97505669
14 8 14 3258800.00000000 112 1568 29096.42857143 2078.31632653
14 2 9 3048200.00000000 18 252 169344.44444444 12096.03174603
14 4 4 3382200.00000000 16 224 211387.50000000 15099.10714286
14 9 2 3117900.00000000 18 252 173216.66666667 12372.61904762
14 2 12 2684900.00000000 24 336 111870.83333333 7990.77380952
15 13 4 3117100.00000000 52 780 59944.23076923 3996.28205128
15 13 13 3766300.00000000 169 2535 22285.79881657 1485.71992110
15 13 11 3905000.00000000 143 2145 27307.69230769 1820.51282051
15 3 11 2821400.00000000 33 495 85496.96969697 5699.79797980
15 9 13 3657800.00000000 117 1755 31263.24786325 2084.21652422
15 3 12 2681700.00000000 36 540 74491.66666667 4966.11111111
15 3 1 2613300.00000000 3 45 871100.00000000 58073.33333333
15 14 3 2906200.00000000 42 630 69195.23809524 4613.01587302
15 7 5 2518300.00000000 35 525 71951.42857143 4796.76190476
15 4 2 3585500.00000000 8 120 448187.50000000 29879.16666667
16 6 12 3097600.00000000 72 1152 43022.22222222 2688.88888889
16 4 10 3037200.00000000 40 640 75930.00000000 4745.62500000
16 1 6 2574600.00000000 6 96 429100.00000000 26818.75000000
16 16 14 4145500.00000000 224 3584 18506.69642857 1156.66852679
16 13 6 3026700.00000000 78 1248 38803.84615385 2425.24038462
16 15 1 3357000.00000000 15 240 223800.00000000 13987.50000000
16 6 7 2879500.00000000 42 672 68559.52380952 4284.97023810
16 16 6 3053000.00000000 96 1536 31802.08333333 1987.63020833
16 1 6 3603700.00000000 6 96 600616.66666667 37538.54166667
16 14 2 2515400.00000000 28 448 89835.71428571 5614.73214286
17 12 5 2926800.00000000 60 1020 48780.00000000 2869.41176471
17 2 9 2687800.00000000 18 306 149322.22222222 8783.66013072
17 10 11 4156100.00000000 110 1870 37782.72727273 2222.51336898
17 2 1 2413000.00000000 2 34 1206500.00000000 70970.58823529
17 8 1 2930500.00000000 8 136 366312.50000000 21547.79411765
17 6 6 2687700.00000000 36 612 74658.33333333 4391.66666667
17 16 11 4527900.00000000 176 2992 25726.70454545 1513.33556150
17 6 1 2629100.00000000 6 102 438183.33333333 25775.49019608
17 2 8 2370800.00000000 16 272 148175.00000000 8716.17647059
17 13 13 4709400.00000000 169 2873 27866.27218935 1639.19248173
18 18 2 3276500.00000000 36 648 91013.88888889 5056.32716049
18 14 11 4104200.00000000 154 2772 26650.64935065 1480.59163059
18 9 17 4183900.00000000 153 2754 27345.75163399 1519.20842411
18 11 2 3015700.00000000 22 396 137077.27272727 7615.40404040
18 9 18 4206300.00000000 162 2916 25964.81481481 1442.48971193
18 8 15 4587500.00000000 120 2160 38229.16666667 2123.84259259
18 17 2 2982700.00000000 34 612 87726.47058824 4873.69281046
18 2 15 3017400.00000000 30 540 100580.00000000 5587.77777778
18 10 5 3021600.00000000 50 900 60432.00000000 3357.33333333
18 9 10 3883000.00000000 90 1620 43144.44444444 2396.91358025
19 17 18 4364700.00000000 306 5814 14263.72549020 750.72239422
19 4 10 2969600.00000000 40 760 74240.00000000 3907.36842105
19 16 2 2964500.00000000 32 608 92640.62500000 4875.82236842
19 17 3 3656000.00000000 51 969 71686.27450980 3772.96181631
19 2 11 3993200.00000000 22 418 181509.09090909 9553.11004785
19 17 10 3483900.00000000 170 3230 20493.52941176 1078.60681115
19 13 13 4114500.00000000 169 3211 24346.15384615 1281.37651822
19 14 7 6080500.00000000 98 1862 62045.91836735 3265.57465091
19 2 19 3730200.00000000 38 722 98163.15789474 5166.48199446
19 18 9 3782900.00000000 162 3078 23351.23456790 1229.01234568
20 3 17 2768300.00000000 51 1020 54280.39215686 2714.01960784
20 1 14 3232300.00000000 14 280 230878.57142857 11543.92857143
20 2 1 2795000.00000000 2 40 1397500.00000000 69875.00000000
20 13 10 3695700.00000000 130 2600 28428.46153846 1421.42307692
20 8 13 3460300.00000000 104 2080 33272.11538462 1663.60576923
20 9 13 3769900.00000000 117 2340 32221.36752137 1611.06837607
20 7 15 5152200.00000000 105 2100 49068.57142857 2453.42857143
20 11 8 3647300.00000000 88 1760 41446.59090909 2072.32954545
20 8 3 3663900.00000000 24 480 152662.50000000 7633.12500000
20 15 19 5898800.00000000 285 5700 20697.54385965 1034.87719298
21 15 4 4925100.00000000 60 1260 82085.00000000 3908.80952381
21 9 19 3934800.00000000 171 3591 23010.52631579 1095.73934837
21 11 7 4909400.00000000 77 1617 63758.44155844 3036.11626469
21 10 8 3690700.00000000 80 1680 46133.75000000 2196.84523810
21 3 10 2744700.00000000 30 630 91490.00000000 4356.66666667
21 1 18 2680800.00000000 18 378 148933.33333333 7092.06349206
21 9 1 2569300.00000000 9 189 285477.77777778 13594.17989418
21 8 12 3505500.00000000 96 2016 36515.62500000 1738.83928571
21 5 1 2941700.00000000 5 105 588340.00000000 28016.19047619
21 9 3 3157400.00000000 27 567 116940.74074074 5568.60670194
22 7 10 4054900.00000000 70 1540 57927.14285714 2633.05194805
22 15 13 6380300.00000000 195 4290 32719.48717949 1487.24941725
22 21 5 4656600.00000000 105 2310 44348.57142857 2015.84415584
22 21 10 6823800.00000000 210 4620 32494.28571429 1477.01298701
22 16 10 5462900.00000000 160 3520 34143.12500000 1551.96022727
22 18 6 4844900.00000000 108 2376 44860.18518519 2039.09932660
22 21 20 6110100.00000000 420 9240 14547.85714286 661.26623377
22 6 12 3687000.00000000 72 1584 51208.33333333 2327.65151515
22 19 12 5085500.00000000 228 5016 22304.82456140 1013.85566188
22 1 20 2691700.00000000 20 440 134585.00000000 6117.50000000
23 22 19 5890600.00000000 418 9614 14092.34449761 612.71063033
23 20 22 7484500.00000000 440 10120 17010.22727273 739.57509881
23 2 3 3146700.00000000 6 138 524450.00000000 22802.17391304
23 19 3 3647200.00000000 57 1311 63985.96491228 2781.99847445
23 22 17 5687000.00000000 374 8602 15205.88235294 661.12531969
23 4 14 3511200.00000000 56 1288 62700.00000000 2726.08695652
23 20 14 6879500.00000000 280 6440 24569.64285714 1068.24534161
23 4 21 3479400.00000000 84 1932 41421.42857143 1800.93167702
23 4 23 3317500.00000000 92 2116 36059.78260870 1567.81663516
23 8 9 3333600.00000000 72 1656 46300.00000000 2013.04347826
24 6 11 3169900.00000000 66 1584 48028.78787879 2001.19949495
24 3 17 4228100.00000000 51 1224 82903.92156863 3454.33006536
24 23 10 5332500.00000000 230 5520 23184.78260870 966.03260870
24 3 17 3227500.00000000 51 1224 63284.31372549 2636.84640523
24 19 7 4208100.00000000 133 3192 31639.84962406 1318.32706767
24 20 9 4373800.00000000 180 4320 24298.88888889 1012.45370370
24 20 20 7529100.00000000 400 9600 18822.75000000 784.28125000
24 20 16 5849900.00000000 320 7680 18280.93750000 761.70572917
24 5 3 2831000.00000000 15 360 188733.33333333 7863.88888889
24 15 10 4344000.00000000 150 3600 28960.00000000 1206.66666667
25 7 18 4424900.00000000 126 3150 35118.25396825 1404.73015873
25 14 10 4291500.00000000 140 3500 30653.57142857 1226.14285714
25 9 4 2865800.00000000 36 900 79605.55555556 3184.22222222
25 12 22 5835600.00000000 264 6600 22104.54545455 884.18181818
25 3 17 3195300.00000000 51 1275 62652.94117647 2506.11764706
25 17 7 4047000.00000000 119 2975 34008.40336134 1360.33613445
25 15 24 6876000.00000000 360 9000 19100.00000000 764.00000000
25 14 14 5105600.00000000 196 4900 26048.97959184 1041.95918367
25 8 17 5438200.00000000 136 3400 39986.76470588 1599.47058824
25 19 4 4018400.00000000 76 1900 52873.68421053 2114.94736842
26 15 26 7308700.00000000 390 10140 18740.25641026 720.77909270
26 12 9 3857200.00000000 108 2808 35714.81481481 1373.64672365
26 10 2 2879500.00000000 20 520 143975.00000000 5537.50000000
26 24 8 5692700.00000000 192 4992 29649.47916667 1140.36458333
26 24 13 6157300.00000000 312 8112 19734.93589744 759.03599606
26 14 23 5862500.00000000 322 8372 18206.52173913 700.25083612
26 5 6 3219300.00000000 30 780 107310.00000000 4127.30769231
26 5 6 3913800.00000000 30 780 130460.00000000 5017.69230769
26 15 6 4451500.00000000 90 2340 49461.11111111 1902.35042735
26 19 3 3969400.00000000 57 1482 69638.59649123 2678.40755735
27 13 9 4048000.00000000 117 3159 34598.29059829 1281.41817031
27 14 8 4338800.00000000 112 3024 38739.28571429 1434.78835979
27 15 7 4000900.00000000 105 2835 38103.80952381 1411.25220459
27 2 23 3074500.00000000 46 1242 66836.95652174 2475.44283414
27 6 6 3075700.00000000 36 972 85436.11111111 3164.30041152
27 1 10 2462700.00000000 10 270 246270.00000000 9121.11111111
27 2 7 3330600.00000000 14 378 237900.00000000 8811.11111111
27 16 18 5639100.00000000 288 7776 19580.20833333 725.19290123
27 8 27 5840200.00000000 216 5832 27037.96296296 1001.40603567
27 6 2 3595300.00000000 12 324 299608.33333333 11096.60493827
28 2 22 3312200.00000000 44 1232 75277.27272727 2688.47402597
28 14 2 4214900.00000000 28 784 150532.14285714 5376.14795918
28 6 9 4116900.00000000 54 1512 76238.88888889 2722.81746032
28 2 16 3668800.00000000 32 896 114650.00000000 4094.64285714
28 23 26 9792000.00000000 598 16744 16374.58193980 584.80649785
28 15 16 5323100.00000000 240 6720 22179.58333333 792.12797619
28 24 5 4393700.00000000 120 3360 36614.16666667 1307.64880952
28 28 4 4095800.00000000 112 3136 36569.64285714 1306.05867347
28 4 8 2865200.00000000 32 896 89537.50000000 3197.76785714
28 3 11 2907600.00000000 33 924 88109.09090909 3146.75324675
29 8 25 4815300.00000000 200 5800 24076.50000000 830.22413793
29 8 15 4085400.00000000 120 3480 34045.00000000 1173.96551724
29 13 3 4076300.00000000 39 1131 104520.51282051 3604.15561450
29 2 9 3001400.00000000 18 522 166744.44444444 5749.80842912
29 10 11 4840200.00000000 110 3190 44001.81818182 1517.30407524
29 19 4 5368800.00000000 76 2204 70642.10526316 2435.93466425
29 19 6 5355000.00000000 114 3306 46973.68421053 1619.78221416
29 17 7 4205000.00000000 119 3451 35336.13445378 1218.48739496
29 29 20 10191000.00000000 580 16820 17570.68965517 605.88585018
29 2 5 3100900.00000000 10 290 310090.00000000 10692.75862069
30 17 27 9244600.00000000 459 13770 20140.74074074 671.35802469
30 6 4 3448100.00000000 24 720 143670.83333333 4789.02777778
30 20 19 7889000.00000000 380 11400 20760.52631579 692.01754386
30 12 11 4249000.00000000 132 3960 32189.39393939 1072.97979798
30 1 11 3073600.00000000 11 330 279418.18181818 9313.93939394
30 25 22 10088900.00000000 550 16500 18343.45454545 611.44848485
30 18 24 7869100.00000000 432 12960 18215.50925926 607.18364198
30 14 9 5444600.00000000 126 3780 43211.11111111 1440.37037037
30 24 13 6961500.00000000 312 9360 22312.50000000 743.75000000
30 6 5 3384700.00000000 30 900 112823.33333333 3760.77777778
31 20 29 9690700.00000000 580 17980 16708.10344828 538.97107898
31 14 1 3648200.00000000 14 434 260585.71428571 8405.99078341
31 28 31 13073700.00000000 868 26908 15061.86635945 485.86665676
31 25 30 12936100.00000000 750 23250 17248.13333333 556.39139785
31 18 1 2926900.00000000 18 558 162605.55555556 5245.34050179
31 11 27 6007400.00000000 297 9207 20226.93602694 652.48180732
31 30 10 7875900.00000000 300 9300 26253.00000000 846.87096774
31 21 23 8615800.00000000 483 14973 17838.09523810 575.42242704
31 30 4 4497100.00000000 120 3720 37475.83333333 1208.89784946
31 17 15 6507900.00000000 255 7905 25521.17647059 823.26375712
32 28 20 11021500.00000000 560 17920 19681.25000000 615.03906250
32 17 29 8612700.00000000 493 15776 17469.97971602 545.93686613
32 23 2 3675100.00000000 46 1472 79893.47826087 2496.67119565
32 28 3 4235100.00000000 84 2688 50417.85714286 1575.55803571
32 4 18 3634100.00000000 72 2304 50473.61111111 1577.30034722
32 32 12 7911100.00000000 384 12288 20601.82291667 643.80696615
32 23 16 7695100.00000000 368 11776 20910.59782609 653.45618207
32 17 32 8630100.00000000 544 17408 15864.15441176 495.75482537
32 23 30 10976300.00000000 690 22080 15907.68115942 497.11503623
32 28 22 10473700.00000000 616 19712 17002.75974026 531.33624188
33 8 22 4864500.00000000 176 5808 27639.20454545 837.55165289
33 24 13 6662500.00000000 312 10296 21354.16666667 647.09595960
33 7 9 5283200.00000000 63 2079 83860.31746032 2541.22174122
33 14 2 3823000.00000000 28 924 136535.71428571 4137.44588745
33 29 21 11837100.00000000 609 20097 19436.94581281 588.99835796
33 18 29 10740400.00000000 522 17226 20575.47892720 623.49936143
33 24 25 10956900.00000000 600 19800 18261.50000000 553.37878788
33 28 26 11148300.00000000 728 24024 15313.59890110 464.04845155
33 25 12 6785000.00000000 300 9900 22616.66666667 685.35353535
33 12 32 7505200.00000000 384 12672 19544.79166667 592.26641414
34 17 31 11281400.00000000 527 17918 21406.83111954 629.61267999
34 4 19 5184300.00000000 76 2584 68214.47368421 2006.30804954
34 12 21 7522000.00000000 252 8568 29849.20634921 877.91783380
34 22 14 7452100.00000000 308 10472 24195.12987013 711.62146677
34 12 18 6010400.00000000 216 7344 27825.92592593 818.40958606
34 22 21 9078200.00000000 462 15708 19649.78354978 577.93481029
34 9 5 4247400.00000000 45 1530 94386.66666667 2776.07843137
34 18 26 8006300.00000000 468 15912 17107.47863248 503.16113625
34 25 6 6185800.00000000 150 5100 41238.66666667 1212.90196078
34 18 5 4353100.00000000 90 3060 48367.77777778 1422.58169935
35 32 31 14646000.00000000 992 34720 14764.11290323 421.83179724
35 25 18 10394300.00000000 450 15750 23098.44444444 659.95555556
35 25 26 12356400.00000000 650 22750 19009.84615385 543.13846154
35 17 31 9395700.00000000 527 18445 17828.65275142 509.39007861
35 18 16 6821700.00000000 288 10080 23686.45833333 676.75595238
35 2 26 3721700.00000000 52 1820 71571.15384615 2044.89010989
35 11 23 6526100.00000000 253 8855 25794.86166008 736.99604743
35 5 21 4863100.00000000 105 3675 46315.23809524 1323.29251701
35 26 10 6202500.00000000 260 9100 23855.76923077 681.59340659
35 23 13 7897500.00000000 299 10465 26413.04347826 754.65838509
36 16 35 12199300.00000000 560 20160 21784.46428571 605.12400794
36 29 33 15748600.00000000 957 34452 16456.21734587 457.11714850
36 12 17 5582300.00000000 204 7344 27364.21568627 760.11710240
36 12 18 6436300.00000000 216 7776 29797.68518519 827.71347737
36 29 28 14223900.00000000 812 29232 17517.11822660 486.58661741
36 36 18 13258000.00000000 648 23328 20459.87654321 568.32990398
36 11 6 4076500.00000000 66 2376 61765.15151515 1715.69865320
36 3 28 4074900.00000000 84 3024 48510.71428571 1347.51984127
36 30 4 4721800.00000000 120 4320 39348.33333333 1093.00925926
36 7 29 5230000.00000000 203 7308 25763.54679803 715.65407772
37 31 31 15270800.00000000 961 35557 15890.53069719 429.47380263
37 4 4 3606900.00000000 16 592 225431.25000000 6092.73648649
37 2 5 3260600.00000000 10 370 326060.00000000 8812.43243243
37 26 12 7403900.00000000 312 11544 23730.44871795 641.36347886
37 14 5 3520200.00000000 70 2590 50288.57142857 1359.15057915
37 13 8 4766900.00000000 104 3848 45835.57692308 1238.79937630
37 7 30 6198000.00000000 210 7770 29514.28571429 797.68339768
37 24 14 8470600.00000000 336 12432 25210.11904762 681.35456885
37 30 4 5691000.00000000 120 4440 47425.00000000 1281.75675676
37 28 16 10206100.00000000 448 16576 22781.47321429 615.71549228
38 35 29 16801000.00000000 1015 38570 16552.70935961 435.59761473
38 15 3 4320200.00000000 45 1710 96004.44444444 2526.43274854
38 38 38 20157000.00000000 1444 54872 13959.14127424 367.34582301
38 37 19 13254200.00000000 703 26714 18853.76955903 496.15183050
38 16 30 9467200.00000000 480 18240 19723.33333333 519.03508772
38 1 30 4042000.00000000 30 1140 134733.33333333 3545.61403509
38 23 38 13615400.00000000 874 33212 15578.26086957 409.95423341
38 15 4 5185100.00000000 60 2280 86418.33333333 2274.16666667
38 8 23 4998800.00000000 184 6992 27167.39130435 714.93135011
38 19 14 6999800.00000000 266 10108 26315.03759398 692.50098932
39 33 12 9348400.00000000 396 15444 23607.07070707 605.30950531
39 27 16 9033900.00000000 432 16848 20911.80555556 536.20014245
39 3 13 3415300.00000000 39 1521 87571.79487179 2245.43063774
39 13 14 5404100.00000000 182 7098 29692.85714286 761.35531136
39 37 11 9375600.00000000 407 15873 23035.87223587 590.66339066
39 35 39 19530400.00000000 1365 53235 14307.98534799 366.87141918
39 15 25 7770700.00000000 375 14625 20721.86666667 531.32991453
39 26 20 10732400.00000000 520 20280 20639.23076923 529.21104536
39 29 35 15122600.00000000 1015 39585 14899.11330049 382.02854617
39 35 25 12997200.00000000 875 34125 14853.94285714 380.87032967
40 18 23 9170400.00000000 414 16560 22150.72463768 553.76811594
40 17 5 4269800.00000000 85 3400 50232.94117647 1255.82352941
40 27 27 12078600.00000000 729 29160 16568.72427984 414.21810700
40 31 1 4090200.00000000 31 1240 131941.93548387 3298.54838710
40 23 39 15010300.00000000 897 35880 16733.89074693 418.34726867
40 1 25 3884900.00000000 25 1000 155396.00000000 3884.90000000
40 3 28 4240600.00000000 84 3360 50483.33333333 1262.08333333
40 10 16 6158800.00000000 160 6400 38492.50000000 962.31250000
40 9 32 8350500.00000000 288 11520 28994.79166667 724.86979167
40 20 17 7939800.00000000 340 13600 23352.35294118 583.80882353
41 33 25 13383100.00000000 825 33825 16221.93939394 395.65705839
41 15 15 6563100.00000000 225 9225 29169.33333333 711.44715447
41 34 16 10301200.00000000 544 22304 18936.02941176 461.85437590
41 25 23 11131000.00000000 575 23575 19358.26086957 472.15270414
41 10 38 9444100.00000000 380 15580 24852.89473684 606.16816431
41 13 23 6768500.00000000 299 12259 22637.12374582 552.12496941
41 26 34 16264600.00000000 884 36244 18398.86877828 448.75289703
41 41 33 20852400.00000000 1353 55473 15411.97339246 375.90179006
41 21 36 14741700.00000000 756 30996 19499.60317460 475.60007743
41 26 4 5207900.00000000 104 4264 50075.96153846 1221.36491557
42 16 30 11305900.00000000 480 20160 23553.95833333 560.80853175
42 11 41 9853700.00000000 451 18942 21848.55875831 520.20377996
42 11 26 9089300.00000000 286 12012 31780.76923077 756.68498168
42 28 16 10058400.00000000 448 18816 22451.78571429 534.56632653
42 39 2 5311300.00000000 78 3276 68093.58974359 1621.27594628
42 7 30 7899800.00000000 210 8820 37618.09523810 895.66893424
42 4 39 5151000.00000000 156 6552 33019.23076923 786.17216117
42 40 18 13544100.00000000 720 30240 18811.25000000 447.88690476
42 20 8 5692700.00000000 160 6720 35579.37500000 847.12797619
42 37 14 11138800.00000000 518 21756 21503.47490347 511.98749770
43 28 15 10764000.00000000 420 18060 25628.57142857 596.01328904
43 16 3 4547400.00000000 48 2064 94737.50000000 2203.19767442
43 28 4 5134200.00000000 112 4816 45841.07142857 1066.07142857
43 7 41 8020100.00000000 287 12341 27944.59930314 649.87440240
43 41 32 19911400.00000000 1312 56416 15176.37195122 352.93888259
43 4 20 4593500.00000000 80 3440 57418.75000000 1335.31976744
43 26 22 12343300.00000000 572 24596 21579.19580420 501.84176289
43 27 10 6980800.00000000 270 11610 25854.81481481 601.27476314
43 3 42 5640800.00000000 126 5418 44768.25396825 1041.12218531
43 29 9 6857700.00000000 261 11223 26274.71264368 611.03982892
44 5 5 3275400.00000000 25 1100 131016.00000000 2977.63636364
44 2 27 4082800.00000000 54 2376 75607.40740741 1718.35016835
44 9 43 8465100.00000000 387 17028 21873.64341085 497.12825934
44 37 41 22690600.00000000 1517 66748 14957.54779169 339.94426799
44 22 42 14654500.00000000 924 40656 15859.84848485 360.45110193
44 43 9 10401800.00000000 387 17028 26878.03617571 610.86445854
44 3 6 4146500.00000000 18 792 230361.11111111 5235.47979798
44 9 2 3434000.00000000 18 792 190777.77777778 4335.85858586
44 40 28 19571600.00000000 1120 49280 17474.64285714 397.15097403
44 41 9 9357700.00000000 369 16236 25359.62059621 576.35501355
45 30 38 19403600.00000000 1140 51300 17020.70175439 378.23781676
45 8 8 6215600.00000000 64 2880 97118.75000000 2158.19444444
45 44 32 20845800.00000000 1408 63360 14805.25568182 329.00568182
45 20 36 14346000.00000000 720 32400 19925.00000000 442.77777778
45 21 15 7641500.00000000 315 14175 24258.73015873 539.08289242
45 38 18 14780800.00000000 684 30780 21609.35672515 480.20792723
45 11 3 4154200.00000000 33 1485 125884.84848485 2797.44107744
45 39 34 20989400.00000000 1326 59670 15829.11010558 351.75800235
45 32 16 12052700.00000000 512 23040 23540.42968750 523.12065972
45 40 31 20062800.00000000 1240 55800 16179.67741935 359.54838710
46 9 31 7544200.00000000 279 12834 27040.14336918 587.82920368
46 36 30 19575600.00000000 1080 49680 18125.55555556 394.03381643
46 25 28 15000600.00000000 700 32200 21429.42857143 465.85714286
46 8 24 6526500.00000000 192 8832 33992.18750000 738.96059783
46 37 7 8476300.00000000 259 11914 32727.02702703 711.45710928
46 8 13 5318300.00000000 104 4784 51137.50000000 1111.68478261
46 28 8 7426700.00000000 224 10304 33154.91071429 720.75892857
46 26 15 9619200.00000000 390 17940 24664.61538462 536.18729097
46 35 29 17232700.00000000 1015 46690 16978.02955665 369.08759906
46 18 24 9831000.00000000 432 19872 22756.94444444 494.71618357
47 35 16 12322700.00000000 560 26320 22004.82142857 468.18768997
47 45 24 19298600.00000000 1080 50760 17869.07407407 380.19306541
47 33 30 16985200.00000000 990 46530 17156.76767677 365.03761014
47 31 22 14896200.00000000 682 32054 21841.93548387 464.72203157
47 29 5 6756200.00000000 145 6815 46594.48275862 991.37197359
47 28 36 19835000.00000000 1008 47376 19677.57936508 418.67190138
47 4 37 5485600.00000000 148 6956 37064.86486486 788.61414606
47 20 15 8609100.00000000 300 14100 28697.00000000 610.57446809
47 9 10 5065700.00000000 90 4230 56285.55555556 1197.56501182
47 38 35 22780400.00000000 1330 62510 17128.12030075 364.42809151
48 10 48 11935400.00000000 480 23040 24865.41666667 518.02951389
48 47 46 31667300.00000000 2162 103776 14647.22479186 305.15051650
48 47 35 25632700.00000000 1645 78960 15582.18844985 324.62892604
48 35 31 21066000.00000000 1085 52080 19415.66820276 404.49308756
48 48 8 10759800.00000000 384 18432 28020.31250000 583.75651042
48 42 23 18851700.00000000 966 46368 19515.21739130 406.56702899
48 30 32 17117500.00000000 960 46080 17830.72916667 371.47352431
48 45 29 22075700.00000000 1305 62640 16916.24521073 352.42177522
48 47 23 20895100.00000000 1081 51888 19329.41720629 402.69619180
48 31 4 5586100.00000000 124 5952 45049.19354839 938.52486559
49 15 35 12186700.00000000 525 25725 23212.76190476 473.72983479
49 8 9 4704900.00000000 72 3528 65345.83333333 1333.58843537
49 12 41 12006400.00000000 492 24108 24403.25203252 498.02555168
49 42 14 15369400.00000000 588 28812 26138.43537415 533.43745662
49 33 8 8140100.00000000 264 12936 30833.71212121 629.25943105
49 24 25 13474700.00000000 600 29400 22457.83333333 458.32312925
49 30 12 10296100.00000000 360 17640 28600.27777778 583.67913832
49 21 20 11470400.00000000 420 20580 27310.47619048 557.35665695
49 38 32 22168600.00000000 1216 59584 18230.75657895 372.05625671
49 46 12 11546700.00000000 552 27048 20917.93478261 426.89662822
50 50 14 15481000.00000000 700 35000 22115.71428571 442.31428571
50 8 13 5311400.00000000 104 5200 51071.15384615 1021.42307692
50 20 42 16591600.00000000 840 42000 19751.90476190 395.03809524
50 7 50 9465100.00000000 350 17500 27043.14285714 540.86285714
50 32 28 17615900.00000000 896 44800 19660.60267857 393.21205357
50 12 25 9328500.00000000 300 15000 31095.00000000 621.90000000
50 15 3 4888300.00000000 45 2250 108628.88888889 2172.57777778
50 2 3 2859300.00000000 6 300 476550.00000000 9531.00000000
50 43 8 9838800.00000000 344 17200 28601.16279070 572.02325581
50 49 4 9151200.00000000 196 9800 46689.79591837 933.79591837
51 42 48 31284900.00000000 2016 102816 15518.30357143 304.28046218
51 18 8 8514000.00000000 144 7344 59125.00000000 1159.31372549
51 27 48 21639700.00000000 1296 66096 16697.29938272 327.39802711
51 33 26 16107800.00000000 858 43758 18773.65967366 368.11097399
51 2 45 5017500.00000000 90 4590 55750.00000000 1093.13725490
51 40 29 21275400.00000000 1160 59160 18340.86206897 359.62474645
51 50 47 35417900.00000000 2350 119850 15071.44680851 295.51856487
51 48 7 12551500.00000000 336 17136 37355.65476190 732.46381886
51 26 18 12103000.00000000 468 23868 25861.11111111 507.08061002
51 24 22 12963300.00000000 528 26928 24551.70454545 481.40597148
52 26 44 21731500.00000000 1144 59488 18996.06643357 365.30896988
52 44 33 24480100.00000000 1452 75504 16859.57300275 324.22255775
52 33 21 13818400.00000000 693 36036 19939.97113997 383.46098346
52 12 46 12584400.00000000 552 28704 22797.82608696 438.41973244
52 22 30 14591100.00000000 660 34320 22107.72727273 425.14860140
52 8 10 5997500.00000000 80 4160 74968.75000000 1441.70673077
52 38 19 16180100.00000000 722 37544 22410.11080332 430.96366929
52 23 49 22276500.00000000 1127 58604 19766.19343390 380.11910450
52 30 3 8717700.00000000 90 4680 96863.33333333 1862.75641026
52 44 23 20793200.00000000 1012 52624 20546.64031621 395.12769839
53 7 20 5903400.00000000 140 7420 42167.14285714 795.60646900
53 15 4 5117100.00000000 60 3180 85285.00000000 1609.15094340
53 53 14 16870900.00000000 742 39326 22737.06199461 429.00116971
53 18 1 3585000.00000000 18 954 199166.66666667 3757.86163522
53 53 28 23928400.00000000 1484 78652 16124.25876011 304.23129736
53 12 21 8722500.00000000 252 13356 34613.09523810 653.07726864
53 10 26 7705800.00000000 260 13780 29637.69230769 559.20174165
53 24 43 19355000.00000000 1032 54696 18754.84496124 353.86499927
53 35 30 19845500.00000000 1050 55650 18900.47619048 356.61275831
53 43 14 14690100.00000000 602 31906 24402.15946844 460.41810318
54 47 44 36619800.00000000 2068 111672 17707.83365571 327.92284548
54 31 39 23290300.00000000 1209 65286 19264.10256410 356.74264008
54 48 31 26568800.00000000 1488 80352 17855.37634409 330.65511748
54 24 12 9364600.00000000 288 15552 32515.97222222 602.14763374
54 19 41 15186200.00000000 779 42066 19494.48010270 361.00889079
54 37 36 24756200.00000000 1332 71928 18585.73573574 344.18029140
54 8 51 10380200.00000000 408 22032 25441.66666667 471.14197531
54 50 29 25181500.00000000 1450 78300 17366.55172414 321.60280971
54 3 50 7671800.00000000 150 8100 51145.33333333 947.13580247
54 11 51 13581000.00000000 561 30294 24208.55614973 448.30659537
55 39 48 33234400.00000000 1872 102960 17753.41880342 322.78943279
55 5 19 5218400.00000000 95 5225 54930.52631579 998.73684211
55 25 37 20212500.00000000 925 50875 21851.35135135 397.29729730
55 29 39 22139200.00000000 1131 62205 19574.88947834 355.90708142
55 46 47 35668800.00000000 2162 118910 16498.05735430 299.96467917
55 52 41 34967000.00000000 2132 117260 16401.03189493 298.20057991
55 12 24 10105600.00000000 288 15840 35088.88888889 637.97979798
55 2 2 2961200.00000000 4 220 740300.00000000 13460.00000000
55 52 44 39008700.00000000 2288 125840 17049.25699301 309.98649078
55 19 1 4414800.00000000 19 1045 232357.89473684 4224.68899522
56 20 24 12387300.00000000 480 26880 25806.87500000 460.83705357
56 52 44 38928400.00000000 2288 128128 17014.16083916 303.82430070
56 38 8 9741600.00000000 304 17024 32044.73684211 572.22744361
56 6 6 3610600.00000000 36 2016 100294.44444444 1790.97222222
56 49 54 42800000.00000000 2646 148176 16175.35903250 288.84569701
56 52 46 38490900.00000000 2392 133952 16091.51337793 287.34845318
56 18 22 10514500.00000000 396 22176 26551.76767677 474.13870851
56 12 49 14843800.00000000 588 32928 25244.55782313 450.79567541
56 15 33 14496500.00000000 495 27720 29285.85858586 522.96176046
56 36 20 18596500.00000000 720 40320 25828.47222222 461.22271825
57 30 7 7991900.00000000 210 11970 38056.66666667 667.66081871
57 36 26 18622900.00000000 936 53352 19896.26068376 349.05720498
57 21 36 16178500.00000000 756 43092 21400.13227513 375.44091711
57 45 19 19605800.00000000 855 48735 22930.76023392 402.29403919
57 1 23 4127900.00000000 23 1311 179473.91304348 3148.66514111
57 3 12 3698100.00000000 36 2052 102725.00000000 1802.19298246
57 46 41 31958900.00000000 1886 107502 16945.33404030 297.28656211
57 52 10 13765000.00000000 520 29640 26471.15384615 464.40620783
57 34 57 31475900.00000000 1938 110466 16241.43446852 284.93744682
57 43 53 39243100.00000000 2279 129903 17219.43835015 302.09540965
58 1 20 3735000.00000000 20 1160 186750.00000000 3219.82758621
58 18 42 17897700.00000000 756 43848 23674.20634921 408.17597154
58 30 27 16517200.00000000 810 46980 20391.60493827 351.57939549
58 5 36 8149300.00000000 180 10440 45273.88888889 780.58429119
58 9 46 10776400.00000000 414 24012 26029.95169082 448.79227053
58 1 21 3223600.00000000 21 1218 153504.76190476 2646.63382594
58 34 24 17110500.00000000 816 47328 20968.75000000 361.53017241
58 27 51 25945800.00000000 1377 79866 18842.26579521 324.86665164
58 26 49 24250200.00000000 1274 73892 19034.69387755 328.18437720
58 52 2 7428500.00000000 104 6032 71427.88461538 1231.51525199
59 3 35 7589400.00000000 105 6195 72280.00000000 1225.08474576
59 19 30 15499100.00000000 570 33630 27191.40350877 460.87124591
59 53 59 50478300.00000000 3127 184493 16142.72465622 273.60550265
59 4 51 9351700.00000000 204 12036 45841.66666667 776.97740113
59 20 50 19596900.00000000 1000 59000 19596.90000000 332.15084746
59 51 28 28217300.00000000 1428 84252 19760.01400560 334.91549162
59 49 18 18015600.00000000 882 52038 20425.85034014 346.20085322
59 6 20 6579500.00000000 120 7080 54829.16666667 929.30790960
59 44 27 22961900.00000000 1188 70092 19328.19865320 327.59658734
59 17 58 20368500.00000000 986 58174 20657.70791075 350.13064256
60 1 20 3702400.00000000 20 1200 185120.00000000 3085.33333333
60 5 10 4639400.00000000 50 3000 92788.00000000 1546.46666667
60 47 11 14805200.00000000 517 31020 28636.75048356 477.27917473
60 2 40 4463400.00000000 80 4800 55792.50000000 929.87500000
60 11 21 8537700.00000000 231 13860 36959.74025974 615.99567100
60 36 43 30043100.00000000 1548 92880 19407.68733850 323.46145564
60 40 54 38792500.00000000 2160 129600 17959.49074074 299.32484568
60 13 19 8821700.00000000 247 14820 35715.38461538 595.25641026
60 47 20 20575600.00000000 940 56400 21888.93617021 364.81560284
60 16 58 20059300.00000000 928 55680 21615.62500000 360.26041667
61 37 12 13848900.00000000 444 27084 31191.21621622 511.33141338
61 3 41 7010000.00000000 123 7503 56991.86991870 934.29294949
61 27 58 28393100.00000000 1566 95526 18130.97062580 297.22902665
61 22 36 17169700.00000000 792 48312 21678.91414141 355.39203511
61 46 12 14186200.00000000 552 33672 25699.63768116 421.30553576
61 12 25 9829700.00000000 300 18300 32765.66666667 537.14207650
61 29 31 20760800.00000000 899 54839 23093.21468298 378.57728988
61 30 43 26197400.00000000 1290 78690 20308.06201550 332.91904943
61 20 31 15903400.00000000 620 37820 25650.64516129 420.50237969
61 20 35 18749700.00000000 700 42700 26785.28571429 439.10304450
62 41 24 23116500.00000000 984 61008 23492.37804878 378.90932337
62 22 58 26414600.00000000 1276 79112 20701.09717868 333.88866417
62 56 62 57975100.00000000 3472 215264 16697.89746544 269.32092686
62 3 57 8147700.00000000 171 10602 47647.36842105 768.50594228
62 14 4 8193200.00000000 56 3472 146307.14285714 2359.79262673
62 50 18 20235500.00000000 900 55800 22483.88888889 362.64336918
62 23 37 20271900.00000000 851 52762 23821.26909518 384.21401766
62 58 31 33766200.00000000 1798 111476 18779.86651835 302.90107288
62 49 29 28235800.00000000 1421 88102 19870.37297678 320.48988672
62 10 19 9462600.00000000 190 11780 49803.15789474 803.27674024
63 12 49 16939300.00000000 588 37044 28808.33333333 457.27513228
63 40 51 38258300.00000000 2040 128520 18754.06862745 297.68362901
63 18 4 4812400.00000000 72 4536 66838.88888889 1060.93474427
63 7 39 9150900.00000000 273 17199 33519.78021978 532.06000349
63 36 6 10014100.00000000 216 13608 46361.57407407 735.89800118
63 43 16 19171800.00000000 688 43344 27865.98837209 442.31727575
63 47 12 16272100.00000000 564 35532 28851.24113475 457.95620849
63 35 13 14179900.00000000 455 28665 31164.61538462 494.67643468
63 19 23 12047400.00000000 437 27531 27568.42105263 437.59398496
63 8 32 12390900.00000000 256 16128 48401.95312500 768.28497024
64 54 25 26697100.00000000 1350 86400 19775.62962963 308.99421296
64 14 64 19143900.00000000 896 57344 21365.95982143 333.84312221
64 2 6 3600600.00000000 12 768 300050.00000000 4688.28125000
64 60 38 44185600.00000000 2280 145920 19379.64912281 302.80701754
64 48 35 31852000.00000000 1680 107520 18959.52380952 296.24255952
64 10 60 15752400.00000000 600 38400 26254.00000000 410.21875000
64 6 15 4851300.00000000 90 5760 53903.33333333 842.23958333
64 60 50 51502000.00000000 3000 192000 17167.33333333 268.23958333
64 19 62 24287400.00000000 1178 75392 20617.48726655 322.14823854
64 14 25 11940800.00000000 350 22400 34116.57142857 533.07142857
65 52 17 22821100.00000000 884 57460 25815.72398190 397.16498434
65 6 24 7604400.00000000 144 9360 52808.33333333 812.43589744
65 56 39 40914400.00000000 2184 141960 18733.69963370 288.21076360
65 48 16 19064900.00000000 768 49920 24824.08854167 381.90905449
65 19 32 16609700.00000000 608 39520 27318.58552632 420.28593117
65 3 24 6514800.00000000 72 4680 90483.33333333 1392.05128205
65 15 59 20987300.00000000 885 57525 23714.46327684 364.83789657
65 11 45 14217800.00000000 495 32175 28722.82828283 441.88966589
65 48 27 26745200.00000000 1296 84240 20636.72839506 317.48812915
65 1 37 4582100.00000000 37 2405 123840.54054054 1905.23908524
66 35 38 27880900.00000000 1330 87780 20963.08270677 317.62246525
66 24 57 29644700.00000000 1368 90288 21670.10233918 328.33488393
66 13 61 21468400.00000000 793 52338 27072.38335435 410.18762658
66 54 29 32064200.00000000 1566 103356 20475.22349936 310.23065908
66 12 28 10927700.00000000 336 22176 32522.91666667 492.77146465
66 21 38 20412500.00000000 798 52668 25579.57393484 387.56930204
66 35 58 39285600.00000000 2030 133980 19352.51231527 293.21988356
66 14 11 8970600.00000000 154 10164 58250.64935065 882.58559622
66 36 58 38591300.00000000 2088 137808 18482.42337165 280.03671775
66 34 42 28673100.00000000 1428 94248 20079.20168067 304.23032850
67 45 5 10957900.00000000 225 15075 48701.77777778 726.89220564
67 14 1 4322100.00000000 14 938 308721.42857143 4607.78251599
67 3 18 4166400.00000000 54 3618 77155.55555556 1151.57545605
67 23 15 11766200.00000000 345 23115 34104.92753623 509.02876920
67 36 51 37813900.00000000 1836 123012 20595.80610022 307.40009105
67 27 32 22312000.00000000 864 57888 25824.07407407 385.43394140
67 65 20 27821300.00000000 1300 87100 21401.00000000 319.41791045
67 10 17 9258400.00000000 170 11390 54461.17647059 812.85338016
67 39 30 25164100.00000000 1170 78390 21507.77777778 321.01160862
67 13 51 16539800.00000000 663 44421 24946.90799397 372.34191036
68 18 35 19510800.00000000 630 42840 30969.52380952 455.43417367
68 41 44 34589400.00000000 1804 122672 19173.72505543 281.96654493
68 3 26 5501800.00000000 78 5304 70535.89743590 1037.29260935
68 9 33 10478800.00000000 297 20196 35282.15488215 518.85521886
68 44 25 26005200.00000000 1100 74800 23641.09090909 347.66310160
68 1 10 3780300.00000000 10 680 378030.00000000 5559.26470588
68 38 51 36252300.00000000 1938 131784 18706.03715170 275.08878164
68 65 1 7845800.00000000 65 4420 120704.61538462 1775.06787330
68 65 47 54408800.00000000 3055 207740 17809.75450082 261.90815442
68 51 27 30271100.00000000 1377 93636 21983.36964415 323.28484771
69 31 35 25918300.00000000 1085 74865 23887.83410138 346.20049422
69 3 30 6864900.00000000 90 6210 76276.66666667 1105.45893720
69 54 7 12610900.00000000 378 26082 33362.16931217 483.50970018
69 47 32 32620600.00000000 1504 103776 21689.22872340 314.33664817
69 65 50 58034600.00000000 3250 224250 17856.80000000 258.79420290
69 40 38 31716600.00000000 1520 104880 20866.18421053 302.40846682
69 41 16 17638600.00000000 656 45264 26888.10975610 389.68275009
69 44 23 24340200.00000000 1012 69828 24051.58102767 348.57363808
69 28 31 20610400.00000000 868 59892 23744.70046083 344.12609364
69 20 37 19283500.00000000 740 51060 26058.78378378 377.66353310
70 47 57 50929100.00000000 2679 187530 19010.48898843 271.57841412
70 52 3 9257200.00000000 156 10920 59341.02564103 847.72893773
70 11 3 4553100.00000000 33 2310 137972.72727273 1971.03896104
70 51 63 59235800.00000000 3213 224910 18436.29007158 263.37557245
70 41 17 19580400.00000000 697 48790 28092.39598278 401.31994261
70 52 46 47361500.00000000 2392 167440 19799.95819398 282.85654563
70 47 27 28729100.00000000 1269 88830 22639.16469661 323.41663852
70 40 42 34183900.00000000 1680 117600 20347.55952381 290.67942177
70 54 42 44587600.00000000 2268 158760 19659.43562610 280.84908037
70 40 4 9651100.00000000 160 11200 60319.37500000 861.70535714
71 70 27 38792600.00000000 1890 134190 20525.18518519 289.08711528
71 55 13 21906700.00000000 715 50765 30638.74125874 431.53156702
71 48 51 47835300.00000000 2448 173808 19540.56372549 275.21920740
71 67 62 76873200.00000000 4154 294934 18505.82571016 260.64543254
71 42 22 25228900.00000000 924 65604 27304.00432900 384.56344125
71 12 15 8921100.00000000 180 12780 49561.66666667 698.05164319
71 58 15 21454100.00000000 870 61770 24659.88505747 347.32232475
71 65 3 10955600.00000000 195 13845 56182.56410256 791.30371975
71 35 67 46824500.00000000 2345 166495 19967.80383795 281.23667377
71 67 59 72348300.00000000 3953 280663 18302.12496838 257.77640801
72 32 8 11927300.00000000 256 18432 46591.01562500 647.09743924
72 32 51 37703600.00000000 1632 117504 23102.69607843 320.87077887
72 62 60 68664100.00000000 3720 267840 18458.09139785 256.36238053
72 39 59 45498400.00000000 2301 165672 19773.31594959 274.62938819
72 41 60 48526000.00000000 2460 177120 19726.01626016 273.97244806
72 14 4 5127600.00000000 56 4032 91564.28571429 1271.72619048
72 68 56 68713500.00000000 3808 274176 18044.51155462 250.61821604
72 65 54 65973100.00000000 3510 252720 18795.75498575 261.05215258
72 22 63 29955600.00000000 1386 99792 21612.98701299 300.18037518
72 13 64 21384700.00000000 832 59904 25702.76442308 356.98283921
73 63 33 44119200.00000000 2079 151767 21221.35642136 290.70351262
73 22 50 24426100.00000000 1100 80300 22205.54545455 304.18555417
73 6 62 14555900.00000000 372 27156 39128.76344086 536.01045809
73 38 42 32134200.00000000 1596 116508 20134.21052632 275.81110310
73 53 62 60901200.00000000 3286 239878 18533.53621424 253.88405773
73 9 47 14070500.00000000 423 30879 33263.59338061 455.66566275
73 10 15 8670700.00000000 150 10950 57804.66666667 791.84474886
73 58 32 40004900.00000000 1856 135488 21554.36422414 295.26526334
73 22 57 29909000.00000000 1254 91542 23850.87719298 326.72434511
73 52 70 66704500.00000000 3640 265720 18325.41208791 251.03304230
74 10 10 6717300.00000000 100 7400 67173.00000000 907.74324324
74 63 26 34796800.00000000 1638 121212 21243.46764347 287.07388707
74 9 47 14576000.00000000 423 31302 34458.62884161 465.65714651
74 40 72 56908200.00000000 2880 213120 19759.79166667 267.02421171
74 25 27 17471900.00000000 675 49950 25884.29629630 349.78778779
74 37 21 21600500.00000000 777 57498 27799.87129987 375.67393648
74 6 59 13926600.00000000 354 26196 39340.67796610 531.63078333
74 57 67 73231200.00000000 3819 282606 19175.49096622 259.12825630
74 47 41 39978000.00000000 1927 142598 20746.23767514 280.35456318
74 9 23 9533000.00000000 207 15318 46053.14009662 622.33973104
75 12 71 22711600.00000000 852 63900 26656.80751174 355.42410016
75 2 48 7949900.00000000 96 7200 82811.45833333 1104.15277778
75 40 31 28077600.00000000 1240 93000 22643.22580645 301.90967742
75 29 36 26373500.00000000 1044 78300 25261.97318008 336.82630907
75 44 74 63737600.00000000 3256 244200 19575.42997543 261.00573301
75 69 50 65201400.00000000 3450 258750 18898.95652174 251.98608696
75 73 43 61113000.00000000 3139 235425 19468.93915260 259.58585537
75 45 30 30431500.00000000 1350 101250 22541.85185185 300.55802469
75 11 39 14037100.00000000 429 32175 32720.51282051 436.27350427
75 27 44 26649400.00000000 1188 89100 22432.15488215 299.09539843
76 13 29 12169300.00000000 377 28652 32279.31034483 424.72776770
76 26 13 12029500.00000000 338 25688 35590.23668639 468.29258798
76 20 44 21683600.00000000 880 66880 24640.45454545 324.21650718
76 37 4 8688000.00000000 148 11248 58702.70270270 772.40398293
76 12 4 4795600.00000000 48 3648 99908.33333333 1314.58333333
76 74 69 96682000.00000000 5106 388056 18934.97845672 249.14445338
76 24 38 24265300.00000000 912 69312 26606.68859649 350.08800785
76 13 14 8062200.00000000 182 13832 44297.80219780 582.86581839
76 45 39 39787700.00000000 1755 133380 22671.05413105 298.30334383
76 48 16 21014600.00000000 768 58368 27362.76041667 360.03632127
77 20 15 12234700.00000000 300 23100 40782.33333333 529.64069264
77 31 44 31216900.00000000 1364 105028 22886.29032258 297.22454964
77 64 73 89448100.00000000 4672 359744 19145.56934932 248.64375778
77 73 44 66880100.00000000 3212 247324 20821.94894147 270.41492132
77 28 28 22685200.00000000 784 60368 28935.20408163 375.78187119
77 14 20 11094300.00000000 280 21560 39622.50000000 514.57792208
77 27 49 30024900.00000000 1323 101871 22694.55782313 294.73451718
77 71 25 43104400.00000000 1775 136675 24284.16901408 315.37881836
77 76 45 67484100.00000000 3420 263340 19732.19298246 256.26224653
77 41 8 13477700.00000000 328 25256 41090.54878049 533.64349066
78 41 15 17727700.00000000 615 47970 28825.52845528 369.55805712
78 24 22 16507200.00000000 528 41184 31263.63636364 400.81585082
78 20 2 5762500.00000000 40 3120 144062.50000000 1846.95512821
78 36 1 5330900.00000000 36 2808 148080.55555556 1898.46866097
78 17 47 20670600.00000000 799 62322 25870.58823529 331.67420814
78 31 3 8912200.00000000 93 7254 95830.10752688 1228.59112214
78 23 62 32892300.00000000 1426 111228 23066.12903226 295.71960298
78 75 62 89838000.00000000 4650 362700 19320.00000000 247.69230769
78 63 49 62290300.00000000 3087 240786 20178.26368643 258.69568829
78 54 69 74602400.00000000 3726 290628 20022.11486849 256.69378037
79 53 62 67567600.00000000 3286 259594 20562.26415094 260.28182470
79 18 47 23835300.00000000 846 66834 28174.11347518 356.63434779
79 50 28 33110000.00000000 1400 110600 23650.00000000 299.36708861
79 34 38 30277500.00000000 1292 102068 23434.59752322 296.64047498
79 55 15 23171900.00000000 825 65175 28087.15151515 355.53356348
79 62 63 80735700.00000000 3906 308574 20669.66205837 261.64129188
79 20 17 14438100.00000000 340 26860 42465.00000000 537.53164557
79 54 60 66257700.00000000 3240 255960 20449.90740741 258.85958744
79 57 42 51178700.00000000 2394 189126 21377.90309106 270.60636824
79 52 1 8586900.00000000 52 4108 165132.69230769 2090.28724440
80 26 61 36517400.00000000 1586 126880 23024.84237074 287.81052963
80 8 32 11647200.00000000 256 20480 45496.87500000 568.71093750
80 14 14 9331100.00000000 196 15680 47607.65306122 595.09566327
80 79 11 25460600.00000000 869 69520 29298.73417722 366.23417722
80 23 78 39539300.00000000 1794 143520 22039.74358974 275.49679487
80 7 47 13090600.00000000 329 26320 39789.05775076 497.36322188
80 58 1 7209200.00000000 58 4640 124296.55172414 1553.70689655
80 52 62 64937800.00000000 3224 257920 20141.99751861 251.77496898
80 20 44 24599300.00000000 880 70400 27953.75000000 349.42187500
80 39 76 59873000.00000000 2964 237120 20200.06747638 252.50084345
81 48 66 69725700.00000000 3168 256608 22009.37500000 271.72067901
81 60 68 87569400.00000000 4080 330480 21463.08823529 264.97639797
81 42 53 48695200.00000000 2226 180306 21875.65139263 270.06977028
81 72 54 80914800.00000000 3888 314928 20811.41975309 256.93110806
81 75 81 119882200.00000000 6075 492075 19733.69547325 243.62587004
81 48 69 69583000.00000000 3312 268272 21009.35990338 259.37481362
81 77 66 102707500.00000000 5082 411642 20210.05509642 249.50685304
81 60 13 23547100.00000000 780 63180 30188.58974359 372.69863881
81 58 38 49557000.00000000 2204 178524 22485.02722323 277.59292868
81 37 79 60796600.00000000 2923 236763 20799.38419432 256.78252092
82 77 40 65444000.00000000 3080 252560 21248.05194805 259.12258473
82 54 60 69792100.00000000 3240 265680 21540.77160494 262.69233665
82 25 54 33583300.00000000 1350 110700 24876.51851852 303.37217706
82 78 55 88556300.00000000 4290 351780 20642.49417249 251.73773381
82 68 38 58827500.00000000 2584 211888 22766.06037152 277.63488258
82 22 65 33678200.00000000 1430 117260 23551.18881119 287.20961965
82 64 11 21704400.00000000 704 57728 30830.11363636 375.97699557
82 62 10 19277800.00000000 620 50840 31093.22580645 379.18568057
82 25 3 6098300.00000000 75 6150 81310.66666667 991.59349593
82 16 49 20601300.00000000 784 64288 26277.16836735 320.45327277
83 52 78 85350500.00000000 4056 336648 21043.02268245 253.53039376
83 21 63 31713800.00000000 1323 109809 23971.12622827 288.80874974
83 26 50 33419500.00000000 1300 107900 25707.30769231 309.72659870
83 14 57 23292500.00000000 798 66234 29188.59649123 351.66983724
83 52 64 68625400.00000000 3328 276224 20620.61298077 248.44112025
83 58 83 99016300.00000000 4814 399562 20568.40465310 247.81210425
83 5 4 4270500.00000000 20 1660 213525.00000000 2572.59036145
83 74 6 17770600.00000000 444 36852 40023.87387387 482.21534788
83 49 82 83004400.00000000 4018 333494 20658.13837730 248.89323346
83 23 66 37912300.00000000 1518 125994 24975.16469038 300.90559868
84 1 48 6263800.00000000 48 4032 130495.83333333 1553.52182540
84 25 73 43209100.00000000 1825 153300 23676.21917808 281.85975212
84 73 84 125333500.00000000 6132 515088 20439.25309850 243.32444165
84 84 36 64757600.00000000 3024 254016 21414.55026455 254.93512220
84 5 84 17287300.00000000 420 35280 41160.23809524 490.00283447
84 41 27 30199900.00000000 1107 92988 27280.84914182 324.77201359
84 80 28 53800100.00000000 2240 188160 24017.90178571 285.92740221
84 57 76 90601500.00000000 4332 363888 20914.47368421 248.98182957
84 42 63 59796000.00000000 2646 222264 22598.63945578 269.03142209
84 10 32 12822600.00000000 320 26880 40070.62500000 477.03125000
85 72 46 74012600.00000000 3312 281520 22346.79951691 262.90352373
85 30 20 17999900.00000000 600 51000 29999.83333333 352.93921569
85 12 64 22583200.00000000 768 65280 29405.20833333 345.94362745
85 62 15 27633800.00000000 930 79050 29713.76344086 349.57368754
85 82 31 57671000.00000000 2542 216070 22687.25413061 266.90887212
85 2 80 9529100.00000000 160 13600 59556.87500000 700.66911765
85 38 64 54843100.00000000 2432 206720 22550.61677632 265.30137384
85 23 46 28261000.00000000 1058 89930 26711.72022684 314.25553208
85 4 26 6701600.00000000 104 8840 64438.46153846 758.09954751
85 47 31 38561500.00000000 1457 123845 26466.36925189 311.36905002
86 26 45 29847900.00000000 1170 100620 25511.02564103 296.63983304
86 19 75 37024700.00000000 1425 122550 25982.24561404 302.11913505
86 16 58 25143000.00000000 928 79808 27093.75000000 315.04360465
86 30 32 26121800.00000000 960 82560 27210.20833333 316.39777132
86 13 34 17443100.00000000 442 38012 39464.02714932 458.88403662
86 36 84 68055000.00000000 3024 260064 22504.96031746 261.68558509
86 32 68 50932400.00000000 2176 187136 23406.43382353 272.16783516
86 57 45 59185000.00000000 2565 220590 23074.07407407 268.30318691
86 57 72 88352000.00000000 4104 352944 21528.26510721 250.32866404
86 59 50 65326500.00000000 2950 253700 22144.57627119 257.49507292
87 81 18 39197500.00000000 1458 126846 26884.43072702 309.01644514
87 1 81 7061600.00000000 81 7047 87180.24691358 1002.07180360
87 71 86 128193700.00000000 6106 531222 20994.71012119 241.31850714
87 52 36 44707100.00000000 1872 162864 23881.99786325 274.50572257
87 63 53 73189400.00000000 3339 290493 21919.55675352 251.94892820
87 44 68 69616500.00000000 2992 260304 23267.54679144 267.44306657
87 29 8 11569600.00000000 232 20184 49868.96551724 573.20650020
87 51 2 8820500.00000000 102 8874 86475.49019608 993.97115168
87 50 87 93936000.00000000 4350 378450 21594.48275862 248.21244550
87 78 56 94530500.00000000 4368 380016 21641.59798535 248.75399983
88 64 56 80598800.00000000 3584 315392 22488.50446429 255.55118709
88 53 73 86374400.00000000 3869 340472 22324.73507366 253.69017129
88 88 68 128616200.00000000 5984 526592 21493.34893048 244.24260148
88 3 67 10410700.00000000 201 17688 51794.52736318 588.57417458
88 10 59 19280800.00000000 590 51920 32679.32203390 371.35593220
88 1 42 6089900.00000000 42 3696 144997.61904762 1647.70021645
88 11 88 27904000.00000000 968 85184 28826.44628099 327.57325319
88 10 83 25617400.00000000 830 73040 30864.33734940 350.73110624
88 84 2 13521200.00000000 168 14784 80483.33333333 914.58333333
88 40 18 24400800.00000000 720 63360 33890.00000000 385.11363636
89 1 13 3831000.00000000 13 1157 294692.30769231 3311.14952463
89 85 73 135367600.00000000 6205 552245 21815.89041096 245.12236417
89 83 1 9699000.00000000 83 7387 116855.42168675 1312.98226614
89 80 78 133669500.00000000 6240 555360 21421.39423077 240.68982282
89 79 77 130895500.00000000 6083 541387 21518.24757521 241.77806264
89 40 62 57582700.00000000 2480 220720 23218.83064516 260.88573759
89 63 1 7880300.00000000 63 5607 125084.12698413 1405.43962904
89 40 24 27778200.00000000 960 85440 28935.62500000 325.11938202
89 24 74 44196400.00000000 1776 158064 24885.36036036 279.61079057
89 13 2 4998600.00000000 26 2314 192253.84615385 2160.15557476
90 18 65 33230800.00000000 1170 105300 28402.39316239 315.58214625
90 16 38 20152000.00000000 608 54720 33144.73684211 368.27485380
90 90 65 128816600.00000000 5850 526500 22019.93162393 244.66590693
90 43 70 69759800.00000000 3010 270900 23176.01328904 257.51125877
90 1 29 6110800.00000000 29 2610 210717.24137931 2341.30268199
90 56 75 94648600.00000000 4200 378000 22535.38095238 250.39312169
90 88 78 146942800.00000000 6864 617760 21407.75058275 237.86389536
90 20 81 41835400.00000000 1620 145800 25824.32098765 286.93689986
90 87 34 69763600.00000000 2958 266220 23584.71940500 262.05243783
90 10 34 15252600.00000000 340 30600 44860.58823529 498.45098039
91 11 57 20955800.00000000 627 57057 33422.32854864 367.27833570
91 6 60 16881900.00000000 360 32760 46894.16666667 515.32051282
91 50 82 93121000.00000000 4100 373100 22712.43902439 249.58724203
91 71 15 30680600.00000000 1065 96915 28808.07511737 316.57225404
91 6 69 16153700.00000000 414 37674 39018.59903382 428.77581356
91 42 43 45520800.00000000 1806 164346 25205.31561462 276.98149027
91 5 23 6730100.00000000 115 10465 58522.60869565 643.10559006
91 30 67 51052700.00000000 2010 182910 25399.35323383 279.11377180
91 57 9 18005300.00000000 513 46683 35098.05068226 385.69286464
91 67 2 13035900.00000000 134 12194 97282.83582090 1069.04215188
92 34 52 46022800.00000000 1768 162656 26030.99547511 282.94560299
92 31 12 16341200.00000000 372 34224 43927.95698925 477.47779336
92 10 28 11925800.00000000 280 25760 42592.14285714 462.95807453
92 20 68 36485600.00000000 1360 125120 26827.64705882 291.60485934
92 43 78 78596100.00000000 3354 308568 23433.54203936 254.71241347
92 24 60 39377700.00000000 1440 132480 27345.62500000 297.23505435
92 52 73 88730300.00000000 3796 349232 23374.68387777 254.07265085
92 15 77 34850400.00000000 1155 106260 30173.50649351 327.97289667
92 52 30 40694200.00000000 1560 143520 26086.02564103 283.54375697
92 41 91 87066500.00000000 3731 343252 23335.96890914 253.65183597
93 21 70 40630000.00000000 1470 136710 27639.45578231 297.19844927
93 9 4 6866800.00000000 36 3348 190744.44444444 2051.01553166
93 52 29 43859800.00000000 1508 140244 29084.74801061 312.73922592
93 37 46 44521600.00000000 1702 158286 26158.40188014 281.27313850
93 49 90 101528700.00000000 4410 410130 23022.38095238 247.55248336
93 89 45 95869200.00000000 4005 372465 23937.37827715 257.39116427
93 27 70 48308700.00000000 1890 175770 25560.15873016 274.84041645
93 85 86 161856000.00000000 7310 679830 22141.72366621 238.08305017
93 8 5 5176200.00000000 40 3720 129405.00000000 1391.45161290
93 40 68 65017800.00000000 2720 252960 23903.60294118 257.02798861
94 78 33 63234500.00000000 2574 241956 24566.62781663 261.34710443
94 31 34 29956400.00000000 1054 99076 28421.63187856 302.35778594
94 11 32 13505800.00000000 352 33088 38368.75000000 408.17819149
94 33 77 61855900.00000000 2541 238854 24343.13262495 258.96949601
94 43 37 43560700.00000000 1591 149554 27379.44688875 291.27071158
94 54 17 28771700.00000000 918 86292 31341.72113290 333.42256524
94 35 33 32405100.00000000 1155 108570 28056.36363636 298.47195358
94 88 91 179933700.00000000 8008 752752 22469.24325674 239.03450273
94 33 6 12865300.00000000 198 18612 64976.26262626 691.23683645
94 81 90 162493000.00000000 7290 685260 22289.84910837 237.12605434
95 72 48 85580100.00000000 3456 328320 24762.76041667 260.66063596
95 92 11 32134700.00000000 1012 96140 31753.65612648 334.24901186
95 4 62 11106000.00000000 248 23560 44782.25806452 471.39219015
95 55 19 33168900.00000000 1045 99275 31740.57416268 334.11130698
95 58 76 103545300.00000000 4408 418760 23490.31306715 247.26645334
95 87 77 153482900.00000000 6699 636405 22911.31512166 241.17173812
95 88 72 146165500.00000000 6336 601920 23069.04987374 242.83210393
95 78 30 60457800.00000000 2340 222300 25836.66666667 271.96491228
95 76 51 92284500.00000000 3876 368220 23809.21052632 250.62326870
95 43 83 86964300.00000000 3569 339055 24366.57326982 256.49024495
96 25 12 13316300.00000000 300 28800 44387.66666667 462.37152778
96 48 20 28513600.00000000 960 92160 29701.66666667 309.39236111
96 15 77 33346800.00000000 1155 110880 28871.68831169 300.74675325
96 78 22 47154100.00000000 1716 164736 27479.07925408 286.24040890
96 27 17 18840300.00000000 459 44064 41046.40522876 427.56672113
96 84 86 165798400.00000000 7224 693504 22951.05204873 239.07345884
96 60 46 67126700.00000000 2760 264960 24321.26811594 253.34654287
96 75 26 51714000.00000000 1950 187200 26520.00000000 276.25000000
96 63 2 9808700.00000000 126 12096 77846.82539683 810.90443122
96 13 55 22436700.00000000 715 68640 31380.00000000 326.87500000
97 25 89 58390100.00000000 2225 215825 26242.74157303 270.54372756
97 21 4 6870000.00000000 84 8148 81785.71428571 843.15169367
97 10 22 11365500.00000000 220 21340 51661.36363636 532.59137769
97 39 34 37232500.00000000 1326 128622 28078.80844646 289.47225203
97 66 94 144171000.00000000 6204 601788 23238.39458414 239.57107819
97 62 95 140140200.00000000 5890 571330 23792.90322581 245.28766212
97 62 24 43768500.00000000 1488 144336 29414.31451613 303.24035584
97 88 85 173402500.00000000 7480 725560 23182.15240642 238.99126192
97 41 2 7733700.00000000 82 7954 94313.41463415 972.30324365
97 68 56 93425100.00000000 3808 369376 24533.90231092 252.92682795
98 30 3 6966200.00000000 90 8820 77402.22222222 789.81859410
98 88 95 195447300.00000000 8360 819280 23378.86363636 238.55983302
98 60 67 96294800.00000000 4020 393960 23953.93034826 244.42786070
98 58 83 114816700.00000000 4814 471772 23850.58163689 243.37328201
98 7 75 18827100.00000000 525 51450 35861.14285714 365.93002915
98 56 73 100693800.00000000 4088 400624 24631.55577299 251.34240585
98 54 78 99618900.00000000 4212 412776 23651.21082621 241.33888598
98 55 36 54204100.00000000 1980 194040 27375.80808081 279.34498042
98 73 46 84974900.00000000 3358 329084 25305.21143538 258.21644322
98 82 1 10145600.00000000 82 8036 123726.82926829 1262.51866600
99 72 37 70072900.00000000 2664 263736 26303.64114114 265.69334486
99 12 73 29759500.00000000 876 86724 33972.03196347 343.15183801
99 31 7 11082100.00000000 217 21483 51069.58525346 515.85439650
99 49 81 97282600.00000000 3969 392931 24510.60720585 247.58189097
99 69 45 78407200.00000000 3105 307395 25251.91626409 255.06986125
99 79 87 163650100.00000000 6873 680427 23810.57762258 240.51088508
99 69 21 40036000.00000000 1449 143451 27630.08971705 279.09181532
99 98 59 138501600.00000000 5782 572418 23953.92597717 241.95884825
99 83 17 43269100.00000000 1411 139689 30665.55634302 309.75309437
99 60 89 128942200.00000000 5340 528660 24146.47940075 243.90383233
100 26 40 32398500.00000000 1040 104000 31152.40384615 311.52403846
100 12 17 11816700.00000000 204 20400 57925.00000000 579.25000000
100 69 37 67029800.00000000 2553 255300 26255.30748139 262.55307481
100 47 19 28339800.00000000 893 89300 31735.49832027 317.35498320
100 51 19 29314000.00000000 969 96900 30251.80598555 302.51805986
100 14 49 22309700.00000000 686 68600 32521.42857143 325.21428571
100 20 78 44039800.00000000 1560 156000 28230.64102564 282.30641026
100 84 49 102553700.00000000 4116 411600 24915.86491740 249.15864917
100 28 99 70483900.00000000 2772 277200 25427.09235209 254.27092352
100 2 66 9976800.00000000 132 13200 75581.81818182 755.81818182
