2 4007.95000000
3 3236.30000000
4 4181.95000000
5 7640.60000000
6 6643.45000000
7 5129.90000000
8 6791.75000000
9 8665.65000000
10 7911.85000000
11 8097.65000000
12 9413.50000000
13 9804.50000000
14 10747.35000000
15 11865.60000000
16 12244.50000000
17 13888.35000000
18 14078.30000000
19 15372.85000000
20 16581.05000000
21 16773.60000000
22 17425.05000000
23 19307.85000000
24 22608.20000000
25 25525.75000000
26 27017.70000000
27 33252.70000000
28 39369.50000000
29 59006.00000000
30 49284.25000000
31 36481.45000000
32 37165.30000000
33 39272.95000000
34 39925.45000000
35 41629.10000000
36 40279.40000000
37 38862.55000000
38 532881.20000000
39 71328.10000000
40 28153.95000000
41 24200.85000000
42 27204.40000000
43 250458.50000000
44 55257.35000000
45 39372.95000000
46 42175.75000000
47 44342.50000000
48 46244.10000000
49 54784.25000000
50 60514.20000000
51 50725.60000000
52 54343.00000000
53 47991.85000000
54 47783.35000000
55 49396.00000000
56 45417.70000000
57 62215.55000000
58 61000.85000000
59 45229.45000000
60 45390.15000000
61 495728.70000000
62 89269.95000000
63 67169.50000000
64 68276.45000000
65 71374.90000000
66 70728.50000000
67 71514.65000000
68 76325.45000000
69 85566.65000000
70 75070.05000000
71 76219.95000000
72 81821.20000000
73 81608.15000000
74 80104.35000000
75 80808.55000000
76 126024.10000000
77 48814.85000000
78 84748.65000000
79 53170.60000000
80 47613.75000000
81 48225.80000000
82 48821.30000000
83 130310.20000000
84 89959.50000000
85 84091.40000000
86 91525.65000000
87 88622.85000000
88 85060.25000000
89 64826.85000000
90 56776.15000000
91 57055.70000000
92 63953.75000000
93 63498.15000000
94 64741.60000000
95 57722.85000000
96 73693.80000000
97 73091.20000000
98 66141.80000000
99 59005.90000000
100 85217.30000000
101 115097.75000000
102 145378.40000000
103 118021.25000000
104 205568.95000000
105 78540.00000000
106 69043.70000000
107 72839.25000000
108 73867.50000000
109 73343.85000000
110 68773.15000000
111 79901.50000000
112 80823.80000000
113 124284.00000000
114 89774.90000000
115 87186.85000000
116 92199.05000000
117 94261.20000000
118 80099.60000000
119 91386.55000000
120 82980.80000000
121 78022.20000000
122 79913.70000000
123 78371.80000000
124 113182.25000000
125 152901.45000000
126 165406.95000000
127 121729.70000000
128 99285.00000000
129 89528.95000000
130 86616.30000000
131 92867.85000000
132 94136.30000000
133 98602.55000000
134 119274.50000000
135 88482.50000000
136 173327.10000000
137 356749.60000000
138 110317.10000000
139 109997.50000000
140 99942.60000000
141 92692.20000000
142 100563.35000000
143 113266.30000000
144 179714.05000000
145 185354.90000000
146 109505.40000000
147 167707.40000000
148 165637.40000000
149 118980.80000000
150 107009.40000000
151 175423.65000000
152 194743.25000000
153 145027.05000000
154 106277.90000000
155 113054.70000000
156 108978.80000000
157 124267.90000000
158 174967.85000000
159 231083.60000000
160 112735.10000000
161 178574.15000000
162 128250.70000000
163 262334.25000000
164 797916.35000000
165 677552.50000000
166 119908.65000000
167 157030.55000000
168 127270.55000000
169 242133.00000000
170 140617.45000000
171 260389.30000000
172 112915.95000000
173 136022.85000000
174 116402.60000000
175 156848.70000000
176 225645.70000000
177 179188.40000000
178 154966.80000000
179 118024.40000000
180 126562.35000000
181 125097.80000000
182 376273.80000000
183 179702.20000000
184 139809.25000000
185 125590.20000000
186 135605.10000000
187 133954.30000000
188 256958.10000000
189 410544.90000000
190 128985.30000000
191 150005.05000000
192 177796.85000000
193 182891.80000000
194 138360.55000000
195 134728.15000000
196 142221.65000000
197 181353.20000000
198 252479.65000000
199 335778.75000000
200 143525.35000000
201 179709.55000000
202 264968.30000000
203 206731.20000000
204 149040.90000000
205 143717.95000000
206 162693.95000000
207 274174.25000000
208 168225.45000000
209 166424.70000000
210 190635.40000000
211 193688.05000000
212 175249.40000000
213 161982.35000000
214 144293.70000000
215 250997.30000000
216 243119.70000000
217 147612.75000000
218 154369.15000000
219 212202.65000000
220 275743.00000000
221 150710.40000000
222 165337.55000000
223 252180.30000000
224 228913.00000000
225 151455.55000000
226 187494.70000000
227 228031.50000000
228 183453.80000000
229 165292.60000000
230 173128.00000000
231 323536.85000000
232 448582.55000000
233 173790.10000000
234 273150.25000000
235 201663.55000000
236 207249.55000000
237 248748.05000000
238 257741.00000000
239 170896.20000000
240 174527.50000000
241 541580.20000000
242 190074.05000000
243 176622.85000000
244 277894.35000000
245 193147.30000000
246 169553.95000000
247 374029.20000000
248 324279.60000000
249 183401.45000000
250 221228.80000000
251 352415.20000000
252 171469.05000000
253 195682.30000000
254 285274.15000000
255 176909.35000000
256 190880.60000000
257 280754.55000000
258 209235.00000000
259 206117.65000000
260 313581.25000000
261 190766.85000000
262 193173.20000000
263 277548.25000000
264 198952.75000000
265 185902.50000000
266 536990.65000000
267 239630.20000000
268 185117.50000000
269 333009.00000000
270 330088.95000000
271 531218.20000000
272 265979.55000000
273 194150.40000000
274 259316.45000000
275 207074.40000000
276 194675.10000000
277 305183.05000000
278 546552.70000000
279 203665.05000000
280 306002.55000000
281 231858.25000000
282 241228.85000000
283 349296.75000000
284 216472.00000000
285 272795.45000000
286 296477.40000000
287 203655.35000000
288 309704.70000000
289 280317.90000000
290 199992.65000000
291 331321.80000000
292 242328.10000000
293 350774.50000000
294 304207.10000000
295 223923.25000000
296 339099.75000000
297 226160.90000000
298 276317.25000000
299 251242.00000000
300 291516.85000000
301 290533.20000000
302 270182.30000000
303 248654.80000000
304 290728.40000000
305 260930.70000000
306 323385.45000000
307 275892.95000000
308 279553.20000000
309 287601.45000000
310 326503.75000000
311 309600.15000000
312 323220.25000000
313 274492.15000000
314 315244.80000000
315 268672.60000000
316 357929.45000000
317 255777.65000000
318 279972.50000000
319 313217.10000000
320 393985.65000000
321 1449420.60000000
322 369526.70000000
323 392249.10000000
324 402206.05000000
325 407751.60000000
326 411315.50000000
327 364506.10000000
328 358299.35000000
329 244090.25000000
330 350220.45000000
331 244512.70000000
332 317698.85000000
333 381479.90000000
334 347018.10000000
335 403673.75000000
336 349977.15000000
337 395777.60000000
338 292401.40000000
339 398800.75000000
340 294061.50000000
341 408401.35000000
342 331345.20000000
343 355225.45000000
344 365874.30000000
345 359886.95000000
346 346293.45000000
347 308699.80000000
348 294416.10000000
349 354391.75000000
350 328633.25000000
351 298899.25000000
352 294121.40000000
353 328378.15000000
354 361937.20000000
355 322288.70000000
356 352120.10000000
357 361535.20000000
358 277948.95000000
359 265539.30000000
360 267240.00000000
361 256141.15000000
362 280285.85000000
363 314450.50000000
364 284396.95000000
365 302058.65000000
366 259503.95000000
367 261789.60000000
368 293452.25000000
369 281946.15000000
370 310291.65000000
371 354367.60000000
372 337685.55000000
373 327943.50000000
374 299349.70000000
375 312949.40000000
376 367384.80000000
377 438949.75000000
378 427887.60000000
379 422976.95000000
380 430526.90000000
381 472674.05000000
382 395201.65000000
383 408309.55000000
384 333226.90000000
385 362168.70000000
386 419258.25000000
387 446438.95000000
388 400280.60000000
389 467931.15000000
390 425447.10000000
391 417552.95000000
392 374917.55000000
393 418258.85000000
394 346683.45000000
395 401841.45000000
396 324883.15000000
397 287923.35000000
398 285577.20000000
399 339483.65000000
400 357403.65000000
401 312986.05000000
402 282692.45000000
403 321079.50000000
404 303201.25000000
405 361050.10000000
406 305042.95000000
407 435754.40000000
408 417966.10000000
409 434357.85000000
410 431475.00000000
411 453705.35000000
412 427433.65000000
413 398354.25000000
414 380387.00000000
415 400658.75000000
416 410470.85000000
417 397447.40000000
418 343954.70000000
419 418729.40000000
420 408427.85000000
421 384587.95000000
422 302344.35000000
423 438804.00000000
424 442796.40000000
425 387303.20000000
426 491538.40000000
427 433240.50000000
428 498642.30000000
429 386004.65000000
430 430301.45000000
431 400191.25000000
432 474626.35000000
433 369611.45000000
434 370262.10000000
435 382461.80000000
436 423544.80000000
437 471030.05000000
438 373770.10000000
439 401379.70000000
440 417030.30000000
441 410799.25000000
442 463679.45000000
443 344931.75000000
444 432071.35000000
445 485253.80000000
446 422382.40000000
447 484663.75000000
448 447068.15000000
449 424635.00000000
450 404015.25000000
451 429714.55000000
452 363482.85000000
453 385479.65000000
454 461727.20000000
455 400012.15000000
456 464349.05000000
457 429257.85000000
458 399826.65000000
459 384186.90000000
460 434286.45000000
461 505906.25000000
462 379377.80000000
463 508312.85000000
464 445597.65000000
465 437870.30000000
466 449729.35000000
467 471311.40000000
468 422916.35000000
469 377313.25000000
470 410847.65000000
471 423848.75000000
472 364735.85000000
473 430019.50000000
474 404867.40000000
475 407991.60000000
476 401970.40000000
477 455671.60000000
478 426726.20000000
479 499169.05000000
480 457756.55000000
481 502043.65000000
482 516538.55000000
483 400532.45000000
484 426196.10000000
485 502085.95000000
486 481174.35000000
487 438387.25000000
488 462700.50000000
489 525746.50000000
490 438631.45000000
491 444267.35000000
492 498448.65000000
493 532267.60000000
494 502994.35000000
495 460374.50000000
496 455234.35000000
497 421975.85000000
498 453594.95000000
499 468837.00000000
500 423159.35000000
501 461566.10000000
502 449411.35000000
503 475388.65000000
504 466643.60000000
505 427924.80000000
506 478602.95000000
507 486838.00000000
508 438875.50000000
509 501787.15000000
510 442465.70000000
511 478885.55000000
512 493776.55000000
513 492586.00000000
514 470466.90000000
515 542189.30000000
516 467905.70000000
517 433569.90000000
518 473702.30000000
519 424340.45000000
520 541743.55000000
521 495421.45000000
522 481622.55000000
523 666512.10000000
524 480145.85000000
525 513970.45000000
526 508660.85000000
527 504654.60000000
528 492448.30000000
529 497421.80000000
530 424103.15000000
531 521632.65000000
532 448992.75000000
533 456278.45000000
534 515868.95000000
535 574874.45000000
536 506589.90000000
537 506344.75000000
538 501978.10000000
539 480056.65000000
540 542202.70000000
541 489977.75000000
542 507169.45000000
543 495245.40000000
544 489372.40000000
545 494450.90000000
546 493143.50000000
547 509746.55000000
548 499942.50000000
549 511823.80000000
550 487079.75000000
551 505064.80000000
552 566567.95000000
553 482353.25000000
554 514772.05000000
555 497752.70000000
556 583015.80000000
557 548116.75000000
558 504730.35000000
559 563840.95000000
560 498448.10000000
561 504812.75000000
562 533654.50000000
563 487906.75000000
564 496106.10000000
565 482689.45000000
566 535119.80000000
567 594077.95000000
568 474464.25000000
569 532346.50000000
570 487507.00000000
571 725875.70000000
572 482000.15000000
573 481281.55000000
574 533523.75000000
575 520741.95000000
576 491654.45000000
577 549542.05000000
578 531211.80000000
579 537122.55000000
580 530961.10000000
581 506795.75000000
582 493083.40000000
583 452542.50000000
584 583402.95000000
585 488203.95000000
586 621765.85000000
587 498130.50000000
588 580741.90000000
589 581818.55000000
590 505709.35000000
591 559191.25000000
592 543584.20000000
593 601533.45000000
594 504992.90000000
595 692016.90000000
596 464224.40000000
597 601351.15000000
598 509718.00000000
599 496324.00000000
600 556258.55000000
601 492269.10000000
602 546971.95000000
603 587561.80000000
604 520647.00000000
605 533520.95000000
606 620630.90000000
607 496544.10000000
608 555563.65000000
609 512437.50000000
610 566079.65000000
611 649317.60000000
612 561872.00000000
613 580050.10000000
614 573393.90000000
615 576244.15000000
616 568265.60000000
617 670944.25000000
618 510920.10000000
619 503963.70000000
620 667229.00000000
621 532541.65000000
622 669772.85000000
623 622746.55000000
624 581375.45000000
625 536012.40000000
626 539127.15000000
627 652371.70000000
628 539164.95000000
629 551270.80000000
630 618558.85000000
631 629156.15000000
632 614582.20000000
633 591002.60000000
634 607466.65000000
635 603486.00000000
636 631597.75000000
637 618687.00000000
638 537805.15000000
639 646371.40000000
640 699753.45000000
641 592689.40000000
642 583759.65000000
643 541381.15000000
644 586694.25000000
645 617075.10000000
646 551220.65000000
647 855060.80000000
648 922149.65000000
649 1027380.25000000
650 722051.10000000
651 619869.40000000
652 640202.25000000
653 581147.15000000
654 715985.55000000
655 645458.95000000
656 550105.35000000
657 641205.55000000
658 665296.15000000
659 638044.65000000
660 706430.45000000
661 651443.30000000
662 668204.45000000
663 652549.20000000
664 686559.15000000
665 631091.70000000
666 759555.15000000
667 544614.20000000
668 554760.30000000
669 656119.65000000
670 628155.40000000
671 614250.40000000
672 578829.60000000
673 588879.95000000
674 645548.85000000
675 640065.05000000
676 614742.60000000
677 778578.40000000
678 610843.45000000
679 544428.50000000
680 693352.65000000
681 579148.70000000
682 669175.60000000
683 619257.70000000
684 766888.15000000
685 639999.40000000
686 610538.10000000
687 696869.00000000
688 667619.80000000
689 633856.85000000
690 661058.85000000
691 581902.45000000
692 670760.20000000
693 681359.20000000
694 603311.15000000
695 614617.50000000
696 650556.70000000
697 677192.20000000
698 653652.45000000
699 666864.80000000
700 624610.30000000
701 618617.50000000
702 849673.70000000
703 842369.65000000
704 660627.85000000
705 697879.80000000
706 643839.10000000
707 680157.50000000
708 939862.75000000
709 739585.80000000
710 628655.70000000
711 725829.85000000
712 713074.15000000
713 743657.65000000
714 1392426.65000000
715 1386167.95000000
716 1054935.45000000
717 633020.50000000
718 727374.70000000
719 730518.15000000
720 891331.60000000
721 922547.60000000
722 1043910.40000000
723 640293.25000000
724 958515.50000000
725 912548.55000000
726 666433.80000000
727 883166.90000000
728 707530.15000000
729 608981.85000000
730 714180.25000000
731 703482.95000000
732 619323.75000000
733 635505.65000000
734 789126.50000000
735 635085.65000000
736 616687.85000000
737 687614.95000000
738 622778.70000000
739 709948.40000000
740 665093.95000000
741 852599.35000000
742 1064882.15000000
743 821548.85000000
744 969234.05000000
745 967449.30000000
746 959172.70000000
747 1110499.75000000
748 1840780.25000000
749 853224.00000000
750 724753.70000000
751 884738.35000000
752 875990.10000000
753 641375.40000000
754 686419.35000000
755 697262.40000000
756 761205.35000000
757 723030.40000000
758 722831.05000000
759 731798.15000000
760 982660.00000000
761 1036899.70000000
762 691159.80000000
763 634062.75000000
764 643022.25000000
765 614938.75000000
766 792840.10000000
767 668035.15000000
768 799588.95000000
769 695916.30000000
770 720219.10000000
771 829372.40000000
772 666953.80000000
773 724525.45000000
774 690769.95000000
775 736681.25000000
776 680446.35000000
777 660560.05000000
778 712995.70000000
779 731671.85000000
780 949313.85000000
781 773173.90000000
782 1353164.65000000
783 1718405.50000000
784 966631.20000000
785 1261607.70000000
786 886224.60000000
787 891263.55000000
788 736257.05000000
789 817004.50000000
790 905726.85000000
791 993800.95000000
792 685144.95000000
793 776522.00000000
794 1049085.35000000
795 762116.45000000
796 915212.40000000
797 739717.60000000
798 859973.55000000
799 752256.05000000
800 725768.05000000
801 799345.30000000
802 766629.90000000
803 702411.60000000
804 870038.80000000
805 819972.05000000
806 885066.20000000
807 797247.45000000
808 899345.65000000
809 867017.25000000
810 1302038.20000000
811 818318.85000000
812 774808.40000000
813 850193.15000000
814 935781.35000000
815 839609.40000000
816 982410.30000000
817 891117.05000000
818 811318.90000000
819 879941.75000000
820 915261.45000000
821 841725.15000000
822 752006.20000000
823 817030.45000000
824 864934.45000000
825 1235305.10000000
826 946533.75000000
827 808771.80000000
828 784929.20000000
829 797221.40000000
830 914772.80000000
831 849962.70000000
832 734053.05000000
833 931421.80000000
834 750454.00000000
835 762244.20000000
836 771697.75000000
837 765941.55000000
838 786436.10000000
839 845694.65000000
840 698264.75000000
841 699631.25000000
842 757982.85000000
843 874450.20000000
844 749510.35000000
845 876692.40000000
846 783123.95000000
847 766049.25000000
848 894478.35000000
849 926593.20000000
850 764858.75000000
851 997548.90000000
852 850778.80000000
853 730814.05000000
854 845417.55000000
855 883422.50000000
856 857820.60000000
857 1033063.35000000
858 1266413.75000000
859 920485.90000000
860 1422707.30000000
861 728222.95000000
862 895466.00000000
863 911547.90000000
864 748046.85000000
865 718997.50000000
866 753395.90000000
867 812067.50000000
868 780304.30000000
869 780900.35000000
870 979860.85000000
871 891320.15000000
872 741645.20000000
873 790976.70000000
874 792884.80000000
875 798208.85000000
876 759334.05000000
877 1398397.40000000
878 925554.20000000
879 813613.70000000
880 913868.80000000
881 771965.65000000
882 911520.55000000
883 740472.35000000
884 827350.55000000
885 694616.75000000
886 854608.60000000
887 867187.15000000
888 791443.15000000
889 950211.35000000
890 776382.50000000
891 687346.90000000
892 817424.40000000
893 737450.85000000
894 947666.30000000
895 859519.20000000
896 819603.65000000
897 751558.80000000
898 749746.20000000
899 755196.85000000
900 802428.95000000
901 834344.85000000
902 842149.60000000
903 781792.75000000
904 851379.10000000
905 1007230.35000000
906 758386.15000000
907 719361.65000000
908 886377.75000000
909 785335.90000000
910 798516.00000000
911 757083.80000000
912 812259.00000000
913 785051.45000000
914 825349.70000000
915 723240.10000000
916 908000.00000000
917 855503.95000000
918 740707.50000000
919 925261.90000000
920 965559.70000000
921 818776.90000000
922 782127.40000000
923 873001.20000000
924 864237.00000000
925 731386.95000000
926 856186.40000000
927 812929.00000000
928 924887.05000000
929 834438.45000000
930 822666.40000000
931 1041405.50000000
932 1000880.20000000
933 784650.95000000
934 722106.10000000
935 773987.05000000
936 712738.80000000
937 732919.00000000
938 740269.65000000
939 823985.55000000
940 751890.45000000
941 677580.70000000
942 775362.00000000
943 697824.55000000
944 751160.05000000
945 793814.70000000
946 751668.30000000
947 689637.70000000
948 782052.00000000
949 747567.50000000
950 789333.60000000
951 732246.75000000
952 742884.10000000
953 695351.65000000
954 710315.60000000
955 748155.70000000
956 839118.90000000
957 735252.80000000
958 834255.35000000
959 722656.80000000
960 789392.15000000
961 796613.40000000
962 896353.30000000
963 963329.65000000
964 846453.35000000
965 920912.45000000
966 949617.65000000
967 966586.45000000
968 935145.50000000
969 966079.65000000
970 970772.50000000
971 1055860.95000000
972 797721.85000000
973 936777.45000000
974 916717.50000000
975 908660.10000000
976 803109.40000000
977 752616.50000000
978 763910.60000000
979 875210.40000000
980 806646.15000000
981 870507.45000000
982 812053.05000000
983 859470.30000000
984 753265.60000000
985 989880.60000000
986 921645.45000000
987 1024139.90000000
988 841503.30000000
989 939813.15000000
990 900665.70000000
991 1022080.15000000
992 925351.25000000
993 1300366.20000000
994 733606.55000000
995 1018423.60000000
996 957110.30000000
997 1017087.70000000
998 965732.85000000
999 1100701.50000000
1000 841919.80000000
1001 849901.00000000
