2 1249.25000000
3 934.20000000
4 1389.90000000
5 2319.60000000
6 3904.70000000
7 4394.65000000
8 7354.85000000
9 12654.20000000
10 14620.95000000
11 19325.90000000
12 22688.70000000
13 23166.00000000
14 26247.45000000
15 27578.60000000
16 39131.75000000
17 50467.10000000
18 61882.20000000
19 65920.05000000
20 75423.10000000
21 90328.05000000
22 105147.20000000
23 124376.70000000
24 119125.45000000
25 146908.15000000
26 143883.35000000
27 154865.60000000
28 270668.05000000
29 173187.30000000
30 170743.05000000
31 220975.50000000
32 326531.55000000
33 270147.40000000
34 210844.65000000
35 255601.85000000
36 321547.25000000
37 271542.35000000
38 360207.90000000
39 373857.70000000
40 314282.65000000
41 422169.85000000
42 440510.75000000
43 481990.65000000
44 430881.45000000
45 451895.60000000
46 648256.60000000
47 627992.75000000
48 528230.15000000
49 595253.50000000
50 587289.85000000
51 612248.40000000
52 716082.35000000
53 743924.45000000
54 807816.85000000
55 712727.30000000
56 753898.45000000
57 758922.35000000
58 782165.80000000
59 785263.40000000
60 798210.00000000
61 869188.00000000
62 897519.60000000
63 934118.10000000
64 965803.80000000
65 999630.40000000
66 988280.40000000
67 1121297.40000000
68 1124881.10000000
69 1189326.35000000
70 1242298.10000000
71 1310951.20000000
72 1305693.75000000
73 1348965.55000000
74 1411903.70000000
75 1497602.60000000
76 1460456.90000000
77 1567898.40000000
78 1608305.55000000
79 1614809.20000000
80 1655670.95000000
81 1599007.60000000
82 1711596.05000000
83 1813360.95000000
84 1858578.80000000
85 2274794.70000000
86 1899539.10000000
87 1941255.25000000
88 2100223.10000000
89 2059207.65000000
90 2140779.30000000
91 2276573.05000000
92 2198715.15000000
93 2218071.90000000
94 2276840.40000000
95 2529232.95000000
96 2858031.05000000
97 2474893.20000000
98 2508569.10000000
99 2608735.10000000
100 2743097.50000000
101 2757085.80000000
102 2784728.30000000
103 3014264.00000000
104 3040904.90000000
105 3522329.70000000
106 3196541.25000000
107 3122292.40000000
108 3348765.90000000
109 3418412.40000000
110 3575908.90000000
111 3396230.80000000
112 3820505.35000000
113 3653630.50000000
114 3878223.20000000
115 3600759.75000000
116 3698396.80000000
117 3939455.75000000
118 3919777.65000000
119 4433095.15000000
120 3777251.00000000
121 4338436.20000000
122 4156921.00000000
123 4046651.10000000
124 4656977.05000000
125 4474377.15000000
126 5044829.45000000
127 4429185.10000000
128 4808087.90000000
129 4865611.20000000
130 5503825.80000000
131 4776620.60000000
132 5254005.30000000
133 5311596.60000000
134 5401308.85000000
135 5516505.90000000
136 6082750.15000000
137 5295643.60000000
138 5811638.65000000
139 6036845.50000000
140 6102714.80000000
141 7074642.05000000
142 6080368.05000000
143 6198413.40000000
144 6160891.00000000
145 6122384.50000000
146 6454471.25000000
147 6560028.55000000
148 6628467.05000000
149 6625161.20000000
150 7607220.45000000
151 7828983.40000000
152 7198517.65000000
153 8043225.40000000
154 7178574.00000000
155 8301514.95000000
156 7949067.10000000
157 7756626.40000000
158 8079887.65000000
159 9162051.70000000
160 8371633.00000000
161 8584131.80000000
162 9397826.05000000
163 8821611.65000000
164 8904847.00000000
165 12383973.15000000
166 10300686.40000000
167 9469217.75000000
168 9896172.15000000
169 10065475.20000000
170 9741512.35000000
171 9651580.30000000
172 9699605.65000000
173 10279669.35000000
174 9479111.20000000
175 9858178.75000000
176 9577841.65000000
177 9362682.50000000
178 9359771.70000000
179 10121036.90000000
180 11143209.75000000
181 10764985.85000000
182 12079392.40000000
183 11842528.50000000
184 14719943.10000000
185 15102578.95000000
186 14519597.10000000
187 16419986.55000000
188 15268985.15000000
189 12580076.10000000
190 11970099.65000000
191 12604333.20000000
192 13214438.00000000
193 11463849.45000000
194 13075334.80000000
195 12344970.35000000
196 12192774.05000000
197 12893326.60000000
198 13608613.05000000
199 15466035.05000000
200 14852988.20000000
201 15484496.30000000
202 14747002.20000000
203 16522066.70000000
204 14993484.95000000
205 15972626.85000000
206 13617735.45000000
207 13913394.95000000
208 13438754.20000000
209 13765999.15000000
210 14835487.80000000
211 19188481.60000000
212 16378895.05000000
213 16409062.45000000
214 16382576.85000000
215 16513926.40000000
216 19810625.50000000
217 18637809.00000000
218 16227196.45000000
219 16992417.70000000
220 16688398.50000000
221 15888239.30000000
222 17773524.00000000
223 18686374.55000000
224 18160180.25000000
225 18413704.70000000
226 17570717.35000000
227 17516296.05000000
228 17058998.20000000
229 16998658.15000000
230 16901164.25000000
231 17528208.10000000
232 17397611.55000000
233 18011290.80000000
234 18203732.60000000
235 21773247.50000000
236 21034790.80000000
237 19944640.90000000
238 19823287.20000000
239 18133154.80000000
240 22925046.65000000
241 21828500.45000000
242 22208400.15000000
243 20829365.05000000
244 22845751.30000000
245 24192643.30000000
246 23977087.90000000
247 23731261.30000000
248 23989598.65000000
249 23110999.85000000
250 23008848.25000000
251 24776583.25000000
252 23048533.50000000
253 23123169.45000000
254 22331806.70000000
255 23314655.45000000
256 22968388.60000000
257 23629116.35000000
258 23154520.35000000
259 24178109.15000000
260 24144724.80000000
261 23890125.60000000
262 23711993.95000000
263 26274165.55000000
264 26738114.90000000
265 26018611.40000000
266 26047154.25000000
267 25894395.50000000
268 27030239.45000000
269 26240051.95000000
270 27816207.00000000
271 26900747.10000000
272 26119447.55000000
273 26499806.90000000
274 27784331.85000000
275 26560267.50000000
276 28103367.05000000
277 29633000.65000000
278 31625382.10000000
279 34632577.35000000
280 31148685.75000000
281 28550833.80000000
282 28719942.15000000
283 29318761.10000000
284 27045543.45000000
285 27663881.00000000
286 30157317.25000000
287 29185890.25000000
288 28874668.90000000
289 31061872.75000000
290 28788760.40000000
291 32208718.20000000
292 29866245.45000000
293 30060442.85000000
294 31859730.15000000
295 34402093.50000000
296 31288503.65000000
297 30562090.90000000
298 31706941.70000000
299 31210408.65000000
300 33011067.70000000
301 32639042.75000000
302 32905434.90000000
303 34969983.30000000
304 34431190.10000000
305 35180872.90000000
306 36119395.95000000
307 33789076.75000000
308 34472220.85000000
309 35513456.35000000
310 34424959.45000000
311 35908085.95000000
312 38239727.80000000
313 36028993.20000000
314 36287005.00000000
315 42117798.25000000
316 40466087.30000000
317 39680418.45000000
318 40781503.45000000
319 44218243.70000000
320 42494164.45000000
321 41314795.20000000
322 40228712.25000000
323 40725782.15000000
324 40643952.00000000
325 38101614.55000000
326 40310593.20000000
327 40764141.85000000
328 41091641.70000000
329 41210778.40000000
330 40331949.65000000
331 40700749.40000000
332 41067836.10000000
333 43033445.70000000
334 42031733.70000000
335 44300651.35000000
336 42372317.25000000
337 45540941.25000000
338 47823820.95000000
339 56122431.60000000
340 43570621.20000000
341 42557186.90000000
342 44609114.85000000
343 47077980.55000000
344 45349846.20000000
345 45661910.05000000
346 45746388.65000000
347 45029473.55000000
348 46946272.50000000
349 48212073.70000000
350 47198688.60000000
351 57828772.25000000
352 59743464.45000000
353 70548800.15000001
354 73138141.90000001
355 62345705.50000000
356 64522384.10000000
357 59872506.30000000
358 57278929.20000000
359 60763958.50000000
360 65494700.90000000
361 60237314.95000000
362 60473888.80000000
363 56625482.30000000
364 72152844.40000001
365 66276856.00000000
366 65080901.30000000
367 58026804.20000000
368 66760078.40000000
369 63196837.10000000
370 62896119.95000000
371 58479597.10000000
372 66313376.60000000
373 68377616.75000000
374 64248569.40000000
375 63896329.75000000
376 64472296.45000000
377 61921892.50000000
378 59394215.25000000
379 58944858.10000000
380 60246440.05000000
381 60693930.00000000
382 59860852.70000000
383 57458463.30000000
384 56150711.95000000
385 58315614.70000000
386 57389615.65000000
387 58983970.95000000
388 59112345.35000000
389 57765300.25000000
390 60782563.60000000
391 61955642.75000000
392 62434720.35000000
393 76051306.80000000
394 65049981.20000000
395 73947234.59999999
396 68885560.15000001
397 84237269.75000000
398 66558002.50000000
399 73794927.55000000
400 67236902.30000000
401 90673057.34999999
402 82490263.20000000
403 69567881.84999999
404 66288039.25000000
405 75765616.59999999
406 69568889.34999999
407 81502787.30000000
408 77978011.40000001
409 91875106.40000001
410 75929435.20000000
411 80558484.50000000
412 66919347.50000000
413 64358855.75000000
414 73934221.59999999
415 80624389.84999999
416 75005569.50000000
417 68017072.05000000
418 68142888.50000000
419 65939959.75000000
420 65954382.30000000
421 71183581.34999999
422 68931938.95000000
423 74466607.55000000
424 84288152.65000001
425 79777108.25000000
426 78891221.25000000
427 70062525.05000000
428 85955064.30000000
429 83715036.80000000
430 79266274.55000000
431 84799724.40000001
432 74371238.00000000
433 75001050.45000000
434 74716724.84999999
435 75532555.15000001
436 74614076.40000001
437 77448672.84999999
438 78740991.40000001
439 82883102.55000000
440 85884669.34999999
441 81559460.45000000
442 94529782.00000000
443 76480875.25000000
444 73457787.50000000
445 81080046.40000001
446 95036434.84999999
447 97310170.80000000
448 86931985.20000000
449 85239507.75000000
450 102519789.59999999
451 96645786.09999999
452 96475318.95000000
453 96112593.90000001
454 109387660.25000000
455 94928134.70000000
456 84807164.55000000
457 91473266.59999999
458 115076635.55000000
459 97706288.84999999
460 98516423.15000001
461 87236663.65000001
462 88519210.95000000
463 89675628.25000000
464 101199341.75000000
465 100534744.15000001
466 96464174.80000000
467 92451469.25000000
468 92897894.09999999
469 94674904.65000001
470 97014693.65000001
471 92530049.09999999
472 92915360.30000000
473 93061733.84999999
474 92482616.95000000
475 98575526.25000000
476 97128697.40000001
477 93476211.00000000
478 103333800.45000000
479 112013075.00000000
480 116773528.55000000
481 108878742.25000000
482 109130035.30000000
483 100144719.55000000
484 99267679.15000001
485 101513265.25000000
486 105442090.15000001
487 105105016.30000000
488 102244838.00000000
489 91919727.59999999
490 98818670.30000000
491 107068757.25000000
492 102193797.45000000
493 100810439.09999999
494 99841257.75000000
495 120201653.30000000
496 110060305.15000001
497 108194434.15000001
498 108666468.40000001
499 111005200.55000000
500 101447626.59999999
501 100487352.90000001
502 101895407.75000000
503 102632302.80000000
504 111318603.65000001
505 109013432.95000000
506 105516408.95000000
507 106365641.65000001
508 102893083.55000000
509 111859385.55000000
510 107940318.90000001
511 108103592.90000001
512 121965139.55000000
513 122279928.05000000
514 118734983.70000000
515 119217366.65000001
516 123775111.25000000
517 114985236.34999999
518 113053233.00000000
519 113955757.40000001
520 118264522.45000000
521 122876681.15000001
522 137388291.44999999
523 121767128.65000001
524 132030607.65000001
525 118983569.00000000
526 139576271.59999999
527 128240074.30000000
528 128786291.59999999
529 124498486.95000000
530 124556335.25000000
531 120357904.65000001
532 159876904.50000000
533 173945032.65000001
534 131838031.40000001
535 135345212.25000000
536 133138254.09999999
537 139637691.90000001
538 132165713.30000000
539 150008072.65000001
540 153397298.69999999
541 149181779.34999999
542 136426307.65000001
543 137474183.00000000
544 149750173.25000000
545 135414048.94999999
546 134477837.34999999
547 127457542.45000000
548 130790099.80000000
549 131051743.80000000
550 133700835.80000000
551 131305671.75000000
552 129325954.95000000
553 132470516.34999999
554 130069067.59999999
555 131270329.75000000
556 138946831.59999999
557 131373325.09999999
558 135538791.30000001
559 123002594.09999999
560 126940488.59999999
561 126333899.40000001
562 174213142.00000000
563 139479064.90000001
564 142226143.19999999
565 135980886.34999999
566 138307891.00000000
567 129146963.84999999
568 134686014.40000001
569 134961029.80000001
570 138108716.19999999
571 147470665.00000000
572 135100399.55000001
573 141656349.05000001
574 144313369.50000000
575 139559929.40000001
576 154246903.30000001
577 145318897.90000001
578 150284855.80000001
579 149889754.84999999
580 143824780.09999999
581 142799174.25000000
582 148744567.30000001
583 146430919.15000001
584 146858687.55000001
585 147710992.90000001
586 153172750.40000001
587 148357642.65000001
588 154207203.55000001
589 140144306.15000001
590 151169602.05000001
591 148583873.19999999
592 155755162.50000000
593 143010436.40000001
594 143029515.19999999
595 151097387.34999999
596 138514103.19999999
597 137485213.25000000
598 137572189.15000001
599 135913779.30000001
600 153983855.50000000
601 227433440.19999999
602 257509491.50000000
603 152213514.05000001
604 182153377.75000000
605 172539044.80000001
606 182567122.65000001
607 162939662.55000001
608 174032630.25000000
609 178124544.44999999
610 178029543.34999999
611 173896507.94999999
612 178860968.80000001
613 180552395.90000001
614 153553542.15000001
615 161579341.84999999
616 194140743.94999999
617 203055361.59999999
618 177870191.55000001
619 166120905.30000001
620 169042653.00000000
621 160656463.34999999
622 165656692.19999999
623 168445706.30000001
624 164387862.65000001
625 165251987.44999999
626 167326396.05000001
627 168879164.55000001
628 168686407.00000000
629 173564828.55000001
630 171375298.69999999
631 174895414.25000000
632 177127162.84999999
633 174717961.40000001
634 190832279.34999999
635 183938328.94999999
636 199999223.25000000
637 220581179.00000000
638 222718322.44999999
639 182013359.59999999
640 167400331.65000001
641 177422442.19999999
642 174480487.50000000
643 169683710.50000000
644 178070559.80000001
645 185403348.00000000
646 191182094.65000001
647 200058829.65000001
648 197146124.55000001
649 256084627.55000001
650 225529668.34999999
651 212871215.00000000
652 233652833.90000001
653 188156803.75000000
654 192775611.94999999
655 200447082.55000001
656 194841732.05000001
657 176684034.75000000
658 175309576.30000001
659 196957532.19999999
660 212142052.75000000
661 217700774.19999999
662 183220945.55000001
663 201658778.05000001
664 192702622.40000001
665 191104157.55000001
666 174299024.75000000
667 183636978.25000000
668 187960187.05000001
669 193222279.69999999
670 186143946.34999999
671 189182947.44999999
672 194899914.25000000
673 186783136.09999999
674 208703087.59999999
675 197277106.40000001
676 225268489.05000001
677 238591171.69999999
678 227362743.90000001
679 229015688.59999999
680 229046762.00000000
681 239620971.90000001
682 231938586.34999999
683 299173624.00000000
684 258835975.05000001
685 267462528.34999999
686 248135358.50000000
687 257853919.84999999
688 232528367.65000001
689 222570214.69999999
690 208379413.80000001
691 201604025.50000000
692 210057165.05000001
693 234671238.44999999
694 226826489.09999999
695 244256669.15000001
696 229039122.59999999
697 301930250.64999998
698 288705705.75000000
699 244319518.84999999
700 220494505.75000000
701 245906883.00000000
702 220447637.84999999
703 227899944.44999999
704 227993374.50000000
705 249353845.25000000
706 227546244.84999999
707 238758228.44999999
708 229659595.30000001
709 223472047.69999999
710 225173868.00000000
711 226230498.34999999
712 225413561.40000001
713 228729084.84999999
714 229988950.59999999
715 226842594.19999999
716 238224884.94999999
717 232639358.94999999
718 228698632.19999999
719 228162232.25000000
720 241336397.44999999
721 237692497.94999999
722 264412438.40000001
723 240409265.15000001
724 322044987.64999998
725 270045782.50000000
726 281367259.05000001
727 272735770.14999998
728 253211003.34999999
729 245917590.40000001
730 232450547.19999999
731 230150349.25000000
732 222977619.05000001
733 241893544.65000001
734 229522974.69999999
735 243861268.50000000
736 233517120.65000001
737 247411761.09999999
738 246482954.69999999
739 271284116.25000000
740 274271320.14999998
741 280267096.19999999
742 254368076.90000001
743 266455224.80000001
744 313237074.64999998
745 270379819.00000000
746 274552342.14999998
747 284759040.35000002
748 283139488.25000000
749 261361123.19999999
750 260516349.44999999
751 258805995.09999999
752 264116469.40000001
753 276726506.89999998
754 296822327.44999999
755 278408897.50000000
756 287652750.50000000
757 280471493.85000002
758 277980304.44999999
759 288759769.85000002
760 277131526.75000000
761 279082851.44999999
762 276282943.89999998
763 285291926.10000002
764 279191333.39999998
765 288647510.85000002
766 276158941.69999999
767 273866873.35000002
768 287030151.75000000
769 295816789.14999998
770 285434415.75000000
771 286679222.64999998
772 281114110.85000002
773 328768980.10000002
774 391206918.10000002
775 309604451.39999998
776 300238011.30000001
777 306641633.75000000
778 288012797.30000001
779 305215785.94999999
780 301327720.44999999
781 331816769.94999999
782 310389710.19999999
783 301479859.50000000
784 299530579.69999999
785 359496862.39999998
786 317500248.60000002
787 335919391.25000000
788 298079086.80000001
789 322165837.25000000
790 305407068.80000001
791 298601842.80000001
792 304485637.35000002
793 343156041.35000002
794 327175846.85000002
795 287551472.14999998
796 324469467.50000000
797 307097674.60000002
798 312875785.69999999
799 323230643.89999998
800 324238003.85000002
801 319149942.85000002
802 317134783.75000000
803 328674559.85000002
804 345539554.55000001
805 320501522.80000001
806 331082322.00000000
807 296877494.50000000
808 307770448.14999998
809 332059409.14999998
810 325662335.25000000
811 325115420.75000000
812 322564670.85000002
813 328887394.44999999
814 332908301.94999999
815 330839786.55000001
816 320309880.64999998
817 342926465.25000000
818 339414491.14999998
819 336639735.80000001
820 356394233.10000002
821 359006888.94999999
822 345385562.25000000
823 358203650.35000002
824 350504838.19999999
825 331710372.00000000
826 330717594.25000000
827 331734601.19999999
828 339271172.25000000
829 347339424.10000002
830 331385191.60000002
831 339093817.85000002
832 354529683.94999999
833 331071714.39999998
834 329639312.89999998
835 337481395.30000001
836 340149246.10000002
837 343605257.55000001
838 346380503.19999999
839 346496881.25000000
840 347285667.60000002
841 367004449.55000001
842 361469871.64999998
843 362678932.89999998
844 376867741.30000001
845 386589574.39999998
846 345514290.75000000
847 372323751.44999999
848 378100945.94999999
849 373758271.10000002
850 365112015.19999999
851 373265493.30000001
852 380536823.85000002
853 374281454.19999999
854 361214779.85000002
855 377974274.94999999
856 370033163.69999999
857 382781930.19999999
858 377858371.85000002
859 379171431.85000002
860 367924464.44999999
861 369770018.14999998
862 357987513.39999998
863 411098071.94999999
864 369212645.14999998
865 397937654.75000000
866 388909576.60000002
867 400300472.69999999
868 458015386.14999998
869 435642583.80000001
870 381870985.75000000
871 401683946.00000000
872 386208379.00000000
873 376827707.00000000
874 415372289.50000000
875 427821302.00000000
876 372116895.50000000
877 350494657.39999998
878 358859952.30000001
879 412067874.10000002
880 384360223.14999998
881 410541027.00000000
882 374733401.75000000
883 373922961.10000002
884 384853590.30000001
885 401673103.50000000
886 362738997.25000000
887 378206501.39999998
888 381139688.00000000
889 376200550.60000002
890 392986470.55000001
891 397044560.55000001
892 380712340.69999999
893 391870101.25000000
894 379855243.55000001
895 388922218.00000000
896 391459610.69999999
897 396441029.55000001
898 405480551.50000000
899 388607742.35000002
900 376249336.10000002
901 393191772.50000000
902 383888990.39999998
903 401597308.14999998
904 401446524.39999998
905 429813441.85000002
906 404695386.14999998
907 404988575.14999998
908 425761358.64999998
909 412576342.05000001
910 400490633.89999998
911 387837244.50000000
912 428078183.39999998
913 421978389.64999998
914 416985776.80000001
915 448379027.39999998
916 411584005.75000000
917 400187378.94999999
918 404763572.85000002
919 421626581.19999999
920 479477418.14999998
921 440307340.60000002
922 419941806.60000002
923 402443923.64999998
924 406042877.05000001
925 408730226.30000001
926 408849633.25000000
927 415775333.19999999
928 410468652.55000001
929 412816615.00000000
930 387180387.14999998
931 387487320.05000001
932 384867559.50000000
933 434456058.60000002
934 410328559.30000001
935 426164283.14999998
936 453224689.64999998
937 497976361.39999998
938 471443965.10000002
939 470777825.64999998
940 495087433.60000002
941 479368225.35000002
942 482997378.89999998
943 476359245.00000000
944 467821620.10000002
945 444499591.50000000
946 491001777.05000001
947 500645863.80000001
948 507557467.69999999
949 486996649.80000001
950 451546538.89999998
951 471328902.50000000
952 460952330.10000002
953 443952596.64999998
954 469265054.50000000
955 477483578.14999998
956 549934397.04999995
957 589550248.20000005
958 607309687.54999995
959 535071626.69999999
960 496365113.35000002
961 480655063.14999998
962 492271600.69999999
963 493381550.75000000
964 493194629.00000000
965 494089563.35000002
966 477968403.60000002
967 473303714.50000000
968 490545325.69999999
969 495988033.00000000
970 499022226.94999999
971 505863238.10000002
972 494932352.64999998
973 488583710.50000000
974 537504183.50000000
975 543912006.75000000
976 486459325.19999999
977 490685716.10000002
978 635189047.39999998
979 616644358.25000000
980 493460879.75000000
981 482018120.39999998
982 510165009.05000001
983 516396402.69999999
984 561265941.75000000
985 490971048.75000000
986 525554033.50000000
987 570880765.54999995
988 596367785.79999995
989 566389457.35000002
990 508075400.30000001
991 583108179.70000005
992 587978851.10000002
993 557400980.29999995
994 590795854.54999995
995 979012067.00000000
996 662148109.39999998
997 532542101.50000000
998 525905149.05000001
999 486305604.75000000
1000 497043395.25000000
1001 511582338.39999998
